0.8633554351822527 0.0086335543518225 0.0015515688808019805 5.0606296767648565e-05
0.8807969591253285 0.0088079695912532 0.0016685568893434492 5.644231701124741e-05
0.8985908370874565 0.0089859083708745 0.0016693630133046353 4.9149523074600405e-05
0.9167441873316476 0.0091674418733165 0.0015436581647160596 4.536994880811428e-05
0.935264271924206 0.009352642719242 0.0015523128308137875 4.714281978730078e-05
0.9541584996398466 0.0095415849963984 0.001548341281618175 4.178267272195061e-05
0.9734344289255 0.009734344289255 0.0015584060435645387 4.277771202651319e-05
0.993099770923995 0.0099309977092398 0.0015236685101533193 4.002364521973824e-05
1.0131623925588231 0.0101316239255881 0.0015527187585483596 3.5944852007881334e-05
1.0336303196812235 0.0103363031968122 0.001518078407777251 3.668035265830565e-05
1.0545117402808442 0.0105451174028083 0.001551105267325077 3.468848030744936e-05
1.0758150077612654 0.0107581500776126 0.0015949397963401842 3.548108067684625e-05
1.0975486442816949 0.0109754864428168 0.0014986597383679179 3.240670002456437e-05
1.1197213441661735 0.0111972134416618 0.0014644182388644847 3.157044414260863e-05
1.142341977381652 0.0114234197738165 0.0015480935116377124 3.042480267430531e-05
1.1654195930863316 0.0116541959308631 0.0015141578155947095 2.915606938465017e-05
1.188963423249692 0.0118896342324967 0.0015129206728494568 3.0356682373433842e-05
1.212982886345645 0.0121298288634563 0.001482016648780999 2.8796757228841462e-05
1.237487591120305 0.012374875911203 0.001486634320917726 2.95275973954995e-05
1.2624873404358667 0.0126248734043588 0.0015443659533895188 2.908929797014112e-05
1.2879921351921468 0.0128799213519212 0.001513972403935878 2.8675717529191803e-05
1.3140121783273415 0.0131401217832733 0.0015089758229874164 3.144650810063651e-05
1.3405578788996109 0.0134055787889959 0.001512754627928908 2.980410913076804e-05
1.3676398562511185 0.0136763985625112 0.0015074698168329142 2.964384624785975e-05
1.3952689442561914 0.0139526894425618 0.001501651391725197 2.860260493494781e-05
1.4234561956553065 0.0142345619565529 0.0015293061916957795 2.853613982843378e-05
1.4522128864766255 0.0145221288647663 0.001525451210601188 2.980902937865684e-05
1.4815505205468604 0.0148155052054685 0.001512056122014343 2.9187451818183527e-05
1.5114808340932615 0.0151148083409324 0.001523538567008663 2.9220093881599704e-05
1.54201580043858 0.0154201580043857 0.0015234937491394361 3.1296479982008234e-05
1.5731676347908743 0.0157316763479087 0.0015160477701960105 2.8458886843583248e-05
1.604948799130084 0.0160494879913009 0.0015061887827984976 3.101836919975091e-05
1.637372007193318 0.0163737200719331 0.0014988148737196541 3.185288803926492e-05
1.67045022956086 0.0167045022956084 0.0015373970922135107 3.10494193031135e-05
1.7041966988449175 0.0170419669884491 0.0015016216630168828 3.099241008660907e-05
1.7386249149831987 0.017386249149832 0.0014778287351419417 3.3045477380536996e-05
1.7737486506394249 0.0177374865063941 0.0014902143870258518 3.2778695441358164e-05
1.8095819567129487 0.0180958195671294 0.0015003947674732472 3.5719890219759916e-05
1.846139167959675 0.0184613916795965 0.0015421719808820088 3.476135398374132e-05
1.883434908726537 0.0188343490872653 0.0015450121616328951 3.488662520798611e-05
1.9214840988018205 0.0192148409880181 0.001548495212903181 3.484375904135462e-05
1.9603019593836757 0.0196030195938368 0.0015779210184575841 4.207669188565125e-05
1.9999040191692043 0.019999040191692 0.0015604712564357044 3.867348004231875e-05
2.0403061205665622 0.0204030612056653 0.001620746665687962 4.0147456051409887e-05
2.081524426032553 0.0208152442603255 0.0014954183690076062 4.5161483066865524e-05
2.123575424538261 0.0212357542453824 0.0015012207821567451 4.281280289336478e-05
2.1664759381652967 0.021664759381653 0.0014938241849567857 4.521978273276553e-05
2.2102431288353026 0.0221024312883528 0.0014432923954801682 4.564708729128466e-05
2.2548945051754097 0.0225489450517542 0.0015459523876852383 4.77892456691466e-05
2.300447929522388 0.0230044792952237 0.0015166482766423796 4.7176112264666215e-05
2.346921625068294 0.0234692162506826 0.0015077222018791273 5.318444614680067e-05
2.394334183150482 0.0239433418315049 0.0015128246914787643 5.811340908014524e-05
2.442704570688876 0.0244270457068886 0.0015130525498517878 5.8776099676589866e-05
2.4920521377734994 0.024920521377735 0.0015444634408506071 6.823752682020212e-05
2.542396625405287 0.0254239662540527 0.0016094424914714996 6.619795095634908e-05
2.5937581733932724 0.0259375817339329 0.0015462723723141426 7.284490684572077e-05
2.6461573284113182 0.0264615732841129 0.001396074315851202 7.881965563862297e-05
2.699615052217608 0.026996150522176 0.0014335642478085573 7.740563167792416e-05
2.7541527300401856 0.0275415273004018 0.0016082062706153932 9.483871274943378e-05
2.802595450588285 0.0209011932476981 0.001504186536180285 0.00010302288303840686
