wvl(micron) wvl_fullwidth(micron) depths depths_err_up depths_err_down
2.884000000000000341e+00 1.400000000000001243e-02 1.365742022794950907e-03 4.249422569641914463e-05 4.470681120353906315e-05
2.911999999999999922e+00 1.400000000000001243e-02 1.371095539688631584e-03 4.182023361737926929e-05 4.265366897416916422e-05
2.940500000000000114e+00 1.449999999999995737e-02 1.378875358112343274e-03 3.943852907612854092e-05 4.158610214061836917e-05
2.969000000000000306e+00 1.400000000000001243e-02 1.437729207440172031e-03 3.974850523893905078e-05 4.087354815855335187e-05
2.996999999999999886e+00 1.400000000000001243e-02 1.441127927692631211e-03 3.954360008252290858e-05 4.048702555031909699e-05
3.025000000000000355e+00 1.400000000000001243e-02 1.362635642443564988e-03 3.824753918736135960e-05 3.913177665266576524e-05
3.052999999999999936e+00 1.400000000000001243e-02 1.386659688992334044e-03 3.805048927068340608e-05 3.869571043119590832e-05
3.081000000000000405e+00 1.400000000000001243e-02 1.410352371029465748e-03 3.809303940689430859e-05 4.026801913585391357e-05
3.109500000000000153e+00 1.449999999999995737e-02 1.464171470436385599e-03 4.028139295783605967e-05 4.052054454731961533e-05
3.137999999999999901e+00 1.400000000000001243e-02 1.334833153978557015e-03 4.043276534858742527e-05 4.203310549740087686e-05
3.166000000000000369e+00 1.400000000000001243e-02 1.372734493439728334e-03 3.706631197849846911e-05 3.849635967656463327e-05
3.193999999999999950e+00 1.400000000000001243e-02 1.374865397922912791e-03 3.896768244827930605e-05 3.953499178047732883e-05
3.222000000000000419e+00 1.400000000000001243e-02 1.418694962961345937e-03 4.307017791303096622e-05 4.476902444996988528e-05
3.250500000000000167e+00 1.449999999999995737e-02 1.411740194258088218e-03 3.843719885559897763e-05 4.037676473770258727e-05
3.278999999999999915e+00 1.400000000000001243e-02 1.424161742726562938e-03 3.713441281967219156e-05 3.806713249730211100e-05
3.307000000000000384e+00 1.400000000000001243e-02 1.373951921404421720e-03 3.846759537642582306e-05 4.047026852360452627e-05
3.334999999999999964e+00 1.400000000000001243e-02 1.436557396930178161e-03 3.740548786619396146e-05 3.777868672083994558e-05
3.362999999999999989e+00 1.399999999999979039e-02 1.436013837501357417e-03 3.642959046990662531e-05 3.666169217167144015e-05
3.391000000000000014e+00 1.400000000000001243e-02 1.434661843781660047e-03 3.658103710866959270e-05 3.658902646511770669e-05
3.419500000000000206e+00 1.450000000000017941e-02 1.396300071482940502e-03 3.689648547178063509e-05 3.679782381527238119e-05
3.448000000000000398e+00 1.400000000000001243e-02 1.353995169115457947e-03 3.764674873160808385e-05 3.861631002710684893e-05
3.475999999999999979e+00 1.400000000000001243e-02 1.412390911933004284e-03 3.864277383503226734e-05 4.026791783978277313e-05
3.504000000000000004e+00 1.399999999999979039e-02 1.381583375694168296e-03 3.820248297563082727e-05 3.852189894562856737e-05
3.532000000000000028e+00 1.400000000000001243e-02 1.429597012200734246e-03 3.710707188665112767e-05 3.817008000837483934e-05
3.560500000000000220e+00 1.450000000000017941e-02 1.373958950681030420e-03 3.704683961818270276e-05 3.831608016226771031e-05
3.589000000000000412e+00 1.400000000000001243e-02 1.343221139782330587e-03 3.663901572357347071e-05 3.710362363705229163e-05
3.616999999999999993e+00 1.399999999999979039e-02 1.422825184887694305e-03 3.941699633855160964e-05 4.066393554895929296e-05
3.644999999999999574e+00 1.400000000000001243e-02 1.407871904714359844e-03 3.690453574720889592e-05 3.887634352510546849e-05
3.673000000000000043e+00 1.400000000000001243e-02 1.381920672009119815e-03 3.993811269119296181e-05 4.135936790952633897e-05
3.700999999999999623e+00 1.400000000000001243e-02 1.416645895860471757e-03 4.063620461711354472e-05 4.115805305551626693e-05
3.841499999999999915e+00 2.150000000000007461e-02 1.428903975369008247e-03 3.626536667313256385e-05 3.651277358509468288e-05
3.883999999999999897e+00 2.099999999999990763e-02 1.343951200528599281e-03 3.456725231765732376e-05 3.532344563528938552e-05
3.926499999999999879e+00 2.150000000000007461e-02 1.407228329428209489e-03 3.576778802243021221e-05 3.584016850676635668e-05
3.969500000000000028e+00 2.150000000000007461e-02 1.439821064315514269e-03 3.623341291775434084e-05 3.675235595615856769e-05
4.012000000000000455e+00 2.100000000000012967e-02 1.434257314699228679e-03 4.004173769836072254e-05 4.128690165927694292e-05
4.054499999999999993e+00 2.149999999999963052e-02 1.432518124721525021e-03 3.987736859098890523e-05 4.066277953610982800e-05
4.097500000000000142e+00 2.150000000000007461e-02 1.442883175609454118e-03 3.919080605053939376e-05 4.050451908463293359e-05
4.139999999999999680e+00 2.099999999999990763e-02 1.302657368207000297e-03 4.080073550358567780e-05 4.205298837061180461e-05
4.182499999999999218e+00 2.150000000000007461e-02 1.462867657101482024e-03 4.106828475584889913e-05 4.299119784994674849e-05
4.225500000000000256e+00 2.150000000000007461e-02 1.433177336520778796e-03 4.031735709003332439e-05 3.998700273207043791e-05
4.267999999999999794e+00 2.099999999999990763e-02 1.423910953822250152e-03 4.316771725481867786e-05 4.419545999312878524e-05
4.310499999999999332e+00 2.150000000000007461e-02 1.444581271726012037e-03 4.916104269460028209e-05 5.036304457177367272e-05
4.353500000000000369e+00 2.150000000000007461e-02 1.454228272418108588e-03 4.738676607865511224e-05 4.682361824361633111e-05
4.395999999999999908e+00 2.099999999999990763e-02 1.564417280727714316e-03 5.488446192329350486e-05 5.691578091522424276e-05
4.438499999999999446e+00 2.150000000000007461e-02 1.431501135366557761e-03 4.854068788086654540e-05 5.102324495632917616e-05
4.481500000000000483e+00 2.150000000000007461e-02 1.468619218034460929e-03 5.429969420729045121e-05 5.449686251721174747e-05
4.524000000000000021e+00 2.099999999999990763e-02 1.468847624476498845e-03 5.632077626488256328e-05 5.822342147734959131e-05
4.566499999999999559e+00 2.150000000000007461e-02 1.460946777544791866e-03 5.875302700192883490e-05 5.626437739613332142e-05
4.609500000000000597e+00 2.150000000000007461e-02 1.383099970794325617e-03 5.541651910664436090e-05 5.516985634155396889e-05
4.652000000000000135e+00 2.099999999999990763e-02 1.404056130360658130e-03 6.033105950966266215e-05 6.162371987620011635e-05
4.694499999999999673e+00 2.150000000000007461e-02 1.476569752472619646e-03 5.758571286326253161e-05 5.954527915026414271e-05
4.737500000000000711e+00 2.150000000000007461e-02 1.389468914380663457e-03 5.913521949392833155e-05 6.058168499595154369e-05
4.780000000000000249e+00 2.099999999999990763e-02 1.453869819584736878e-03 6.146139855102059589e-05 6.072172057555854860e-05
4.822499999999999787e+00 2.150000000000007461e-02 1.443354922669291655e-03 6.888101094002885109e-05 6.784500124532803073e-05
4.865499999999999936e+00 2.149999999999963052e-02 1.525064534797889587e-03 6.381209351669211646e-05 6.532636052315136249e-05
4.907999999999999474e+00 2.100000000000035172e-02 1.483958563959310089e-03 6.724260490019624836e-05 6.861706324141751169e-05
4.950499999999999901e+00 2.150000000000007461e-02 1.522750244935626700e-03 7.214124861565449770e-05 7.293377839992965135e-05
4.993500000000000050e+00 2.149999999999963052e-02 1.323207445801067141e-03 6.974299114118217256e-05 7.250491009892084948e-05
5.035999999999999588e+00 2.100000000000035172e-02 1.544947961103407437e-03 7.397759691918880109e-05 7.365884553030906286e-05
5.078500000000000014e+00 2.149999999999963052e-02 1.402410745895649700e-03 7.368252724516120324e-05 7.426780971440819293e-05
