2.871384620666504 0.008481299999999914 0.0034411788 6.41947e-05
2.888375759124756 0.0085099500000001 0.0034927239 6.21811e-05
2.905365228652954 0.008479349999999997 0.0035396209999999997 6.0881399999999996e-05
2.922661781311035 0.008817300000000028 0.0035383861999999998 6.09273e-05
2.9399566650390625 0.008477349999999939 0.0035291424 5.55373e-05
2.956939697265625 0.00850569999999995 0.0035922321 5.51374e-05
2.9739201068878174 0.008474850000000034 0.0035310052 5.4192599999999993e-05
2.99086856842041 0.008473600000000081 0.0034779529999999998 5.7589399999999994e-05
3.0081536769866943 0.008811499999999972 0.0036347555 5.36957e-05
3.0254366397857666 0.008471450000000047 0.0034627255 5.6835399999999995e-05
3.042408227920532 0.00850010000000001 0.0036318784 5.4866599999999994e-05
3.059377193450928 0.008468999999999838 0.0034815786999999997 5.375589999999999e-05
3.0763139724731445 0.008467850000000166 0.0036036795999999996 5.52802e-05
3.0932483673095703 0.008466399999999874 0.0035197004 5.204469999999999e-05
3.11051869392395 0.008803850000000057 0.0034650961999999996 5.484109999999999e-05
3.127816677093506 0.00849404999999992 0.0035110912999999997 5.2193899999999995e-05
3.144773244857788 0.008462700000000156 0.0035212047 5.00505e-05
3.1616973876953125 0.008461300000000005 0.0034872748999999997 5.2117299999999997e-05
3.178956985473633 0.008798199999999978 0.003647845 5.4362999999999994e-05
3.196213722229004 0.008458499999999924 0.0035950381999999997 5.3844900000000003e-05
3.2131595611572266 0.008487399999999923 0.0035341083 5.0478799999999995e-05
3.2301025390625 0.008455600000000008 0.0035705633 5.2477699999999994e-05
3.2470123767852783 0.008454350000000055 0.0033867148 5.58693e-05
3.2642576694488525 0.008790950000000075 0.0035680746 5.18626e-05
3.2814998626708984 0.008451349999999858 0.0035143232 5.4010399999999994e-05
3.298401355743408 0.00844990000000001 0.0036063602999999995 5.21733e-05
3.315637350082397 0.008786249999999995 0.0035738044 5.252579999999999e-05
3.3328702449798584 0.00844670000000014 0.0034844088 5.5101e-05
3.34979248046875 0.008475499999999858 0.0035343629999999996 5.1473199999999994e-05
3.3667116165161133 0.008443700000000165 0.0035649957 5.3560299999999996e-05
3.3839354515075684 0.008779899999999952 0.003446641 4.84315e-05
3.401155710220337 0.008440500000000073 0.0035531681 5.4486899999999995e-05
3.4180352687835693 0.008439050000000003 0.0036090269 5.43461e-05
3.4349119663238525 0.008437649999999852 0.0034125131 5.33894e-05
3.452122926712036 0.008773350000000013 0.0035279747 5.42261e-05
3.4693305492401123 0.008434250000000088 0.0035875251 5.50417e-05
3.4861974716186523 0.008432549999999983 0.0035957042 5.203479999999999e-05
3.5033979415893555 0.008768200000000004 0.0034787541999999998 5.47211e-05
3.5206260681152344 0.008459800000000017 0.0035131077 5.33941e-05
3.537513256072998 0.008427500000000032 0.0035460936 5.3940399999999996e-05
3.554703712463379 0.008762699999999901 0.0035059074 5.22933e-05
3.571890354156494 0.008424049999999905 0.003652675 5.38459e-05
3.5887365341186523 0.008422300000000105 0.0036200028999999996 5.30493e-05
3.6059160232543945 0.00875720000000002 0.0035285841999999996 5.25539e-05
3.623092174530029 0.008418650000000083 0.003581819 5.22085e-05
3.639927625656128 0.008416899999999838 0.0035005129 5.6616699999999996e-05
3.657095909118652 0.008751399999999965 0.0034889891999999997 5.3868299999999994e-05
3.674260139465332 0.008412950000000086 0.0035125009 5.70504e-05
3.691420555114746 0.00874744999999999 0.0035096599999999995 5.599069999999999e-05
3.7085771560668954 0.008409050000000029 0.0035270091000000003 5.629e-05
