0.6042400151491165 0.003076329827308655 0.0004848012403608799 0.00033805132558149516
0.6102011054754257 0.0028847604990005493 0.000921096530550171 0.00046492249285205766
0.6161908656358719 0.0031049996614456177 0.0008575665139825082 0.000424143492587675
0.622416689991951 0.003120824694633484 0.0005096098191851002 0.00034665395545719843
0.628672793507576 0.003135278820991516 0.0006818587591262298 0.00037155175705065824
0.6349585801362991 0.0031505078077316284 0.0006534641461651441 0.00026630543162789824
0.6412736475467682 0.0031645596027374268 0.0006780959241518252 0.00024559155188149696
0.647616446018219 0.003178238868713379 0.0006257922229870801 0.0002025978418858253
0.6542009115219116 0.003406226634979248 0.0007306448429313995 0.0001763706606695701
0.6608139276504517 0.003206789493560791 0.0007399104071599739 0.00016558641892007266
0.6674565672874451 0.003435850143432617 0.000868190203369186 0.00017972840179689785
0.6741271764039993 0.003234758973121643 0.00045735400887948855 0.00016385413052058697
0.6808273047208786 0.0034653693437576294 0.0009352871108313712 0.000169456291069805
0.6875536888837814 0.0032610148191452026 0.0009782161415831942 0.00018028882888839376
0.694307416677475 0.00349271297454834 0.0005452043526270112 0.00013219739906953623
0.7013060748577118 0.0035059452056884766 0.0005341838111479684 0.0001126940289043668
0.7083325386047363 0.0035205185413360596 0.00059814946111246 0.00011750425145650876
0.7153867334127426 0.003533676266670227 0.0006942272277845429 0.00014124572004107472
0.7226890325546265 0.003768622875213623 0.0004760210481733487 0.00012036183043332772
0.7300165891647339 0.003558933734893799 0.0007518525033253197 0.00010870924868694465
0.7371486127376556 0.003573089838027954 0.0007650280768648738 9.450501179110756e-05
0.7445310652256012 0.0038093626499176025 0.0007968710842976086 9.163212023997303e-05
0.7520509138703346 0.0037104859948158264 0.0008291010417437676 9.669643231663118e-05
0.7594834193587303 0.0037220194935798645 0.0008325261399145527 9.360995538593744e-05
0.7670541554689407 0.003848716616630554 0.000732339838248969 0.00010046828078534056
0.7747633457183838 0.0038604736328125 0.0009042422646582677 0.00010982192137950473
0.7824953198432922 0.0038715004920959473 0.0007516310467343221 0.00010429212568643913
0.7902513146400452 0.0038844943046569824 0.0007030738832251677 9.887723955791231e-05
0.7982615232467651 0.004125714302062988 0.0006913922175175715 0.00010355819594593642
0.8062942326068878 0.003906995058059692 0.0006933326034297556 9.868688194337247e-05
0.8143511712551117 0.004149943590164185 0.0006428772342258678 0.00010827562040480881
0.8224304914474487 0.0039293766021728516 0.0008873765259061485 0.00011751928113137392
0.8305315375328064 0.0041716694831848145 0.0008976590258437581 0.00011889528389951888
0.8388860672712326 0.004182860255241394 0.000744985000932118 0.00012777522447122476
0.8472618758678436 0.004192948341369629 0.0008491434563680603 0.00012552834498284432
0.8552010655403137 0.004422426223754883 0.0009716748163422345 0.00013248327219203776
0.8636139631271362 0.003990471363067627 0.0008646194127451604 0.00019978511896072111
0.87205009162426 0.004445657134056091 0.0007176372648100161 9.515756873025512e-05
0.8809519559144974 0.0044562071561813354 0.0007683441701906336 8.282828999665611e-05
0.8898752629756927 0.004467099905014038 0.0008088655095027318 7.962962155131253e-05
0.8988228440284729 0.004480481147766113 0.0009502138724368557 7.520315572741891e-05
0.907792180776596 0.004488855600357111 0.0008837334701113114 7.403045193818076e-05
0.9167822301387788 0.004501193761825506 0.0009210274746887599 6.551644524753635e-05
0.9257931858301164 0.0045097619295120794 0.0008721847123359947 6.765838772088272e-05
0.9348260015249252 0.0045230537652968805 0.0008630693443920776 6.506690334236248e-05
0.9443340450525284 0.004984989762306213 0.00100420576157817 6.320270175294291e-05
0.9538620263338088 0.004542991518974304 0.0008446751614354476 6.515833734266005e-05
0.9634136259555816 0.005008608102798406 0.0009346009446666439 5.6747655585729343e-05
0.9729851484298706 0.0045629143714905895 0.0008172866945910665 6.27415366440223e-05
0.9825802743434906 0.005032211542129406 0.0008146042753071496 5.8615850970554467e-05
0.9926546216011048 0.005042135715484675 0.0008354939814106942 5.806250577649938e-05
1.0027484595775604 0.005051702260971069 0.0008297685506883897 5.532243196502116e-05
1.0128639042377472 0.005063742399215698 0.0007483417687918273 5.84932383370665e-05
1.023001492023468 0.005073845386505127 0.0008897630602602998 6.826631883534699e-05
1.0331603586673737 0.005085021257400513 0.0009427636163121848 5.174466462006441e-05
1.0433399975299835 0.005094617605209351 0.0008025524830004973 5.474966099816737e-05
1.0535390079021454 0.005104392766952515 0.0008871725599617691 5.0197779170706e-05
1.064222365617752 0.005578964948654175 0.0008292801144585848 4.5515327653654677e-05
1.0749270617961884 0.0051257312297821045 0.0008495382233063726 4.342629770021928e-05
1.0856543481349945 0.005601555109024048 0.000857061840842913 4.512348367622111e-05
1.0964005291461945 0.005144625902175903 0.0008391931210061598 4.8736174164644135e-05
1.1071656942367554 0.00562053918838501 0.0008521563169967311 4.979889999694276e-05
1.1184190213680267 0.0056327879428863525 0.0008791221233825997 4.563513383556057e-05
1.129693180322647 0.005641371011734009 0.0008303321475747348 4.1890246787058244e-05
1.1409867107868197 0.0056521594524383545 0.000836837780812023 4.8621042628905276e-05
1.1523001194000244 0.0056612491607666016 0.0009367923346085092 4.1008463015917204e-05
1.163867488503456 0.0059061199426651 0.0008044441450761599 4.459843742152179e-05
1.1756914108991623 0.005917802453041077 0.0008279088106351468 3.758365683480851e-05
1.1872974336147308 0.005688220262527466 0.000776579758388021 4.533672945010073e-05
1.1991593837738037 0.00617372989654541 0.0008738856377132026 4.059989347033346e-05
1.2115156650543213 0.006182551383972279 0.0008449295351139784 4.280179618407463e-05
1.2234123647212982 0.00571414828300465 0.0008001090660212993 4.1942988020005585e-05
1.235328644514084 0.006202131509780884 0.0008363967337593633 3.7366736711690744e-05
1.2477385997772217 0.006207823753356934 0.000772086357850319 4.2712893823418065e-05
1.2601643800735474 0.006217956542968639 0.0008741647767527746 4.208499190208687e-05
1.273088276386261 0.006705939769745095 0.000813041832288583 3.9314272434427065e-05
1.28602933883667 0.0062351226806639515 0.0008435479423074884 3.977462986338018e-05
1.2985070645809174 0.006242603063583374 0.0007228179770538493 4.0816586555292486e-05
1.3114810287952423 0.006731361150741688 0.0008292508926102846 4.4509112771333115e-05
1.3249511122703552 0.006738722324371227 0.0008172381297141249 3.860940580526238e-05
1.3379555344581604 0.006265699863433838 0.0008429437428796536 4.6610715190755816e-05
1.3509769439697266 0.006755709648132324 0.0008619578806024373 4.068453840718456e-05
1.3644940257072449 0.006761372089385986 0.0008231234475531455 4.38618760518625e-05
1.3785083293914795 0.007252931594848522 0.000801593710205898 3.9363200228978074e-05
1.3925377726554873 0.006776511669159047 0.0007563608030028224 4.8279184405292275e-05
1.4060981273651123 0.006783843040466309 0.0008059178393431881 5.2034849889384546e-05
1.4201561212539673 0.007274150848388672 0.0008398229146360415 4.9635582780407274e-05
1.4347141683101654 0.007283896207809448 0.0008744574463792614 4.7399620235395654e-05
1.4488004744052887 0.006802409887313732 0.0007998747454508381 4.201825112728785e-05
1.4628968238830566 0.007293939590454213 0.0008153234261454103 4.362163236276358e-05
1.4777342528104782 0.007543489336967468 0.0008709457273380664 4.308452781244124e-05
1.4928281158208847 0.007550373673438915 0.0008059801908197618 4.455710587258464e-05
1.5076899528503418 0.0073114633560182885 0.000854979704415603 4.419171162352191e-05
1.5228036642074585 0.007802248001098522 0.0007415427017915105 4.308322902518146e-05
1.5379270911216736 0.007321178913116455 0.0007189900256446424 4.573459436423463e-05
1.553063690662384 0.007815420627593994 0.0008126045569393332 4.4135210115395965e-05
1.5687017440795898 0.007822632789611816 0.000871249368593513 4.422595873016226e-05
1.584348738193512 0.007824361324310414 0.0007805624606691767 4.185909363071538e-05
1.6004904806613922 0.008317381143569835 0.0008244308604400789 4.8016739922706556e-05
1.616638720035553 0.00783085823059082 0.0008604777046186798 4.4606532605377823e-05
1.6327975392341614 0.008327960968017578 0.0008538931360278384 4.879571349333846e-05
1.6489624977111816 0.007836997509002686 0.0008241383275508152 4.524838418004546e-05
1.6651343703269958 0.008334875106811523 0.0009228540382094696 4.947614015017895e-05
1.6818058788776398 0.008336633443832397 0.0008541226948177188 4.956796873298319e-05
1.6987259536981585 0.008583441376686096 0.000887113170900483 5.5170408570004166e-05
1.7158953100442886 0.008585914969444275 0.0008483231783036052 5.181187562070037e-05
1.7328259348869324 0.008344709873199463 0.000751479112586576 5.183816440377943e-05
1.7500073313713074 0.008836686611175537 0.0007475242739826776 5.4969344627629624e-05
1.7676862478256226 0.008842229843139648 0.000747579093713993 4.841184445485917e-05
1.7853684723377228 0.00883999466896046 0.0007614688003179794 5.333969331432632e-05
1.8030534088611605 0.008844941854476818 0.00085774484095209 5.204300108346327e-05
1.8212316036224363 0.00933325290679965 0.0008144750366295532 6.324530432406936e-05
1.8396569192409515 0.009092062711715587 0.0008764672471525402 5.7796256483515104e-05
1.8578414618968964 0.009092479944229015 0.0008303237301525085 5.9976925839010136e-05
1.8762726187706 0.009338676929473766 0.00092720407851702 6.280375874172337e-05
1.89519964158535 0.009588345885277016 0.0008233734153850782 6.089199941102402e-05
1.9143740981817243 0.009586110711097828 0.0008196917381848097 5.928282391097164e-05
1.9333018958568573 0.009341686964034701 0.0009017883308049607 6.261698121892122e-05
1.9524757266044617 0.009832143783569447 0.0007257686505823565 6.543457703367775e-05
1.972143977880478 0.009836107492447121 0.0008907438743417167 6.768812569881814e-05
1.9918095469474792 0.009829461574554332 0.000822672977871195 7.069388707347455e-05
2.011967122554779 0.010328114032745361 0.0008134468527494041 7.132858752917092e-05
2.0321277379989624 0.009832501411437988 0.00090205147465117 6.566725753221766e-05
2.0522860884666443 0.010325849056243896 0.0008551687021328322 6.980114883728564e-05
2.0729398131370544 0.01032787561416626 0.0008994951171227603 6.973696575424398e-05
2.093594551086426 0.010326862335205078 0.0008419977228228174 7.481534898676597e-05
2.114739000797272 0.01081758737564087 0.0008427500797533335 7.382029564475607e-05
2.1358824372291565 0.010325849056243896 0.0007805782535026389 7.83955198117789e-05
2.1570258140563965 0.010817527770996094 0.0008402436379518664 6.711850070225038e-05
2.178663730621338 0.010820388793945312 0.000834106254102538 7.985976558578712e-05
2.2003058791160583 0.010821759700774924 0.0009232453491368652 8.026834717981671e-05
2.2224409580230717 0.011313319206238015 0.0007939526533611503 7.643206536211545e-05
2.244825065135956 0.011070787906646729 0.0007257668062152863 7.661240128209583e-05
2.2669670581817627 0.011071205139160156 0.0008688742224657102 8.55165451083331e-05
2.2896063029766083 0.011568039655685425 0.0009120591233945385 8.113085830976589e-05
2.3127468526363373 0.011572510004043579 0.0008852166617755485 8.604934806924763e-05
2.335890620946884 0.011571258306503296 0.000864168373676632 9.041984941604877e-05
2.3590408861637115 0.011579006910324319 0.0008220664967040426 9.314201999554339e-05
2.3824483156204224 0.011828422546386497 0.0008224582943925397 0.00010005992072017421
2.4066060185432434 0.012329280376434326 0.0011830508000639094 9.762955819458566e-05
2.430778920650482 0.011843621730804443 0.0006822999326738224 0.00010778997727920614
2.4549684524536133 0.01234591007232666 0.0007129805856275293 0.00010074846072793115
2.479670464992523 0.012356102466583252 0.0006791799845471578 0.00011043930402623132
2.5043903589248657 0.012363791465759277 0.0008910447995505743 0.00010033801419000005
2.5293804109096527 0.01262626051902771 0.0006758166449322493 0.00011182431358852588
2.5546463429927826 0.012639671564102173 0.0009202009714573892 0.00011256887367325456
2.58018571138382 0.012899696826934814 0.0009494290270410812 0.000116813085392529
2.606004536151886 0.012919127941131592 0.0008882475679821779 0.00012723570498715718
2.6318609714508057 0.012937307357788086 0.0006697377872802769 0.00012867087931651167
2.658251941204071 0.013453662395477295 0.0008694239351480592 0.00013063107409366364
2.685187041759491 0.013481438159942627 0.0009599140948466847 0.00013003239822560807
2.712173283100128 0.01350480318069458 0.000923702366580566 0.0001287140829251374
2.7392126321792603 0.0135345458984375 0.0006496350598502676 0.00014077462871044984
2.766310691833496 0.01356351375579834 0.0005959327810978167 0.00013405287570022323
2.793974995613098 0.014100790023803711 0.0008377295133883386 0.00015167295724965524
2.8136268854141235 0.00555109977722168 0.0008423819912914369 0.0002386312061135851
2.8605 0.0 0.0007316 4.5150000000000006e-05
2.894 0.0 0.0008236 4.534999999999999e-05
2.9275 0.0 0.0007038999999999999 4.23e-05
2.961 0.0 0.0007562000000000001 3.995e-05
2.9945 0.0 0.000808 4.06e-05
3.028 0.0 0.0007127999999999999 3.8799999999999994e-05
3.0615 0.0 0.0008647 3.975e-05
3.095 0.0 0.0007857 3.96e-05
3.1285 0.0 0.0007748999999999999 3.885e-05
3.162 0.0 0.0008039999999999999 3.8799999999999994e-05
3.1955 0.0 0.0007617999999999999 3.735e-05
3.229 0.0 0.0008627999999999999 3.87e-05
3.2625 0.0 0.0007887 3.975e-05
3.296 0.0 0.0007591 3.834999999999999e-05
3.3295 0.0 0.0008418999999999999 3.865e-05
3.363 0.0 0.0008275 3.845e-05
3.3965 0.0 0.0008548 4.0249999999999996e-05
3.43 0.0 0.0008045 3.825e-05
3.464 0.0 0.0007347 3.795e-05
3.4975 0.0 0.0008177 3.995e-05
3.531 0.0 0.0007606 3.9999999999999996e-05
3.5645 0.0 0.0007442999999999999 3.915e-05
3.598 0.0 0.0007747 3.885e-05
3.6315 0.0 0.0008101 3.954999999999999e-05
3.665 0.0 0.0007757 4.01e-05
3.6985 0.0 0.0008117999999999999 4.179999999999999e-05
3.84 0.0 0.0007455 4.454999999999999e-05
3.8735 0.0 0.0007438999999999999 4.575e-05
3.907 0.0 0.0007534999999999999 4.4349999999999994e-05
3.941 0.0 0.0007547 4.73e-05
3.975 0.0 0.0007716 4.755e-05
4.0085 0.0 0.0008948 4.8849999999999995e-05
4.042 0.0 0.0006889 5.01e-05
4.076 0.0 0.0008014 5.065e-05
4.1095 0.0 0.0007257 5.05e-05
4.143 0.0 0.0007182 5.0900000000000004e-05
4.177 0.0 0.0007151 5.3e-05
4.211 0.0 0.0007066 5.2799999999999996e-05
4.2445 0.0 0.0008127999999999999 5.785e-05
4.278 0.0 0.0008675 5.445e-05
4.312 0.0 0.0007294 5.879999999999999e-05
4.346 0.0 0.0007717000000000001 5.935e-05
4.3795 0.0 0.0007763 6.525e-05
4.413 0.0 0.0007501 6.335e-05
4.447 0.0 0.0007214999999999999 6.665000000000001e-05
4.481 0.0 0.0006628 6.865e-05
4.5145 0.0 0.0008665 6.944999999999998e-05
4.548 0.0 0.0008482 6.96e-05
4.582 0.0 0.0007866 7.219999999999998e-05
4.6155 0.0 0.0007937 7.659999999999999e-05
4.649 0.0 0.0008332999999999999 7.315e-05
4.683 0.0 0.0007782 7.505e-05
4.717 0.0 0.0008954 7.475e-05
4.7505 0.0 0.0007400999999999999 7.96e-05
4.784 0.0 0.0007180999999999999 7.835e-05
4.818 0.0 0.0007721 8.15e-05
4.852 0.0 0.0006667 8.2e-05
4.8855 0.0 0.0007857 8.58e-05
4.919 0.0 0.0008055 8.309999999999999e-05
4.953 0.0 0.0007518999999999999 8.79e-05
4.9865 0.0 0.0008537999999999999 8.68e-05
5.02 0.0 0.0007643999999999999 8.805e-05
5.054 0.0 0.0005972 8.96e-05
5.088 0.0 0.0009165 9.22e-05
5.1215 0.0 0.0007385 9.559999999999999e-05
5.155 0.0 0.0008292999999999999 0.000101
