0.6040642261505127 0.0030795633792877197 0.0004090683014419746 0.00034648706129651385
0.6100308299064636 0.002887040376663208 0.0013536459380835894 0.0005683220815512182
0.6160271465778351 0.003109276294708252 0.000897693886962405 0.0004935356786357863
0.622259795665741 0.003123372793197632 0.000840905141065298 0.0005318667968311855
0.6285216510295868 0.0031384825706481934 0.0006143590397442409 0.00035251907119233586
0.6348134577274323 0.0031533241271972656 0.0009999800820930868 0.00028365164632927027
0.6411346793174744 0.0031678974628448486 0.0005697105082936534 0.00022629679247248807
0.64748415350914 0.0031815767288208008 0.0009230573626932046 0.00023222285091997503
0.65407395362854 0.0034082233905792236 0.0008925418688341191 0.00021695675272702893
0.6606915593147278 0.0032093822956085205 0.0009431858803478131 0.0002079686986967704
0.6671252846717834 0.0032243430614471436 0.0010989463838202264 0.00019976954287371989
0.6738013327121735 0.003451704978942871 0.0004319661165630793 0.00017828361735932542
0.6806123703718185 0.0033593326807022095 0.001049236463588062 0.00020207256341022882
0.6873442679643631 0.003372564911842346 0.0007910446325152152 0.00016848641859206493
0.6942126452922821 0.00349581241607666 0.0006199410903753278 0.00014315194820639862
0.7012165784835815 0.0035081207752227783 0.00067500155602154 0.00012333480792512205
0.7082464396953583 0.003521740436553955 0.0006906956976994565 0.00013920765390002863
0.715305507183075 0.0035373270511627197 0.0006547838301778117 0.00014769503537484367
0.722390741109848 0.0035479068756103516 0.0004992316003212722 0.00012350610492673376
0.7297232747077942 0.0037846267223358154 0.000839779274236495 0.00012205113389563766
0.7370836138725281 0.0035757124423980713 0.0009306274934247155 0.00010797150210098053
0.7443586140871048 0.00369928777217865 0.000935298987726484 9.972060197316424e-05
0.7517691999673843 0.003711298108100891 0.000877578445388963 0.00010703517591131383
0.7593177556991577 0.0038372576236724854 0.0007961737994336669 0.00011789859222922333
0.7670071125030518 0.0038520991802215576 0.0008652025782231387 0.00011722175658392955
0.7747203409671783 0.0038611292839050293 0.0010120768015426233 0.00013446882962519634
0.782457023859024 0.003875553607940674 0.0008529911146372591 0.00011743523026583102
0.7902179956436157 0.003885418176651001 0.0007760355287086824 0.0001127175338253335
0.798000693321228 0.0038972795009613037 0.0008526921693025296 0.0001206077862006521
0.8060395419597626 0.004141569137573242 0.000800371128904419 0.00012513152506888424
0.8141010403633118 0.003919929265975952 0.0007947727950306939 0.0001267534055643479
0.8221816122531891 0.004160642623901367 0.0009094895529000546 0.00012616456757959376
0.8305155634880066 0.004173308610916138 0.000863998060505889 0.00012626515840221804
0.8388751149177551 0.0041862428188323975 0.0007801125714289938 0.00013038224390454702
0.8472539186477661 0.004192560911178589 0.0009081708105825996 0.0001384308553831355
