0.8546795547008514 0.00442349910736084 0.0009639468298204896 0.00013444556311565062
0.8630944788455963 0.003991425037384033 0.0006460743972654078 0.00014563645448880508
0.8715322017669678 0.004446297883987427 0.0005546994656580526 9.791862848982935e-05
0.8804359436035156 0.004457443952560425 0.0007007534310271046 8.53905927670445e-05
0.8893626034259796 0.0044692158699035645 0.0007695340670788227 8.077589600067765e-05
0.8983115553855896 0.004479736089706421 0.0009558892587139103 7.875072838329399e-05
0.9072832763195038 0.004491984844207764 0.0008321474592122549 7.815393186309019e-05
0.9162766635417938 0.00450140237808222 0.0008806397444234183 7.176929744331736e-05
0.9252890348434448 0.004510968923568781 0.000840156971594927 7.504324438248596e-05
0.934322714805603 0.004522711038589422 0.0007913944944936908 6.993661393074476e-05
0.9438341557979584 0.004988729953765925 0.0009527195371150178 6.636580753397164e-05
0.9533646404743196 0.00454175472259527 0.0007670636156553896 7.195921536267788e-05
0.962917059659958 0.005010664463043213 0.0008388088016206949 6.10847396586018e-05
0.9724915623664856 0.004563838243484386 0.0007575139034939281 6.52965734655649e-05
0.98208886384964 0.0050334632396698 0.0007350345570545257 6.110618555215313e-05
0.9921653270721436 0.005042999982833918 0.0007373926188536511 5.780284281790679e-05
1.0022599548101423 0.0050516277551651 0.0008047726935461014 5.657903556813654e-05
1.0123770833015442 0.005065500736236572 0.0007498441545409495 5.938755920202171e-05
1.0225176811218262 0.00507509708404541 0.0007558789259121215 7.141319967366565e-05
1.0326796174049375 0.005086839199066162 0.0009030384672757484 5.10918364855818e-05
1.0428627729415894 0.005096316337585449 0.0007243857225192285 5.463503508174024e-05
1.053063154220581 0.00510406494140625 0.0008925427180451187 5.565706049287635e-05
1.0637465715408323 0.005579352378845104 0.0007580252558332368 4.944068854928836e-05
1.0744524598121643 0.005126535892486683 0.0007636961777775715 4.723969612705191e-05
1.0851829051971436 0.005603909492492676 0.0008004566302321922 4.576898516580871e-05
1.095930576324463 0.00514376163482666 0.0007527434985372479 5.089969489872827e-05
1.106697857379913 0.005623519420623779 0.0007555243093928165 4.6269679294440177e-05
1.1179523468017578 0.005630970001220592 0.000835141139213619 4.578081502662056e-05
1.1292282938957214 0.005644977092743031 0.000793388050350145 4.702853381077659e-05
1.1405248045921326 0.005651533603668213 0.0007418294921634845 6.206816886478606e-05
1.15183824300766 0.005661904811859131 0.0008902726481932086 4.3991903437819326e-05
1.1631705164909365 0.005670368671417236 0.0007527101334017907 4.8958260037719935e-05
1.1749958992004397 0.0061550140380859375 0.0007714166483358614 4.1866797695945094e-05
1.1868412494659424 0.005690336227416992 0.0007571087100569287 4.8398110830514464e-05
1.1987060904502869 0.00617450475692749 0.000831840869451308 4.2806293507778543e-05
1.210587441921234 0.005706846714019775 0.0007816923064739521 5.1430319839352134e-05
1.2224849462509155 0.006190657615661621 0.0007309769365079528 4.6962065222964266e-05
1.2348757982254028 0.006200194358825573 0.0008070805076413951 4.116622367472412e-05
1.2472862601280212 0.006210267543792836 0.0007217641263808784 4.833488072687099e-05
1.2597161531448364 0.006219625473022461 0.0008157591359558171 4.274214814405624e-05
1.2721624374389648 0.006226658821105957 0.0007375098418098096 4.136371770021335e-05
1.284863442182541 0.006474345922470093 0.0008161854835602485 4.277922443635021e-05
1.2978223860263824 0.00648459792137146 0.000720642947827788 4.1645588508107805e-05
1.310797244310379 0.006490260362625122 0.0007791849794071894 4.374117591713731e-05
1.323784202337265 0.006496697664260975 0.0007668961713426897 4.122970923156552e-05
1.3370293378829956 0.0067484378814695045 0.0008252699098268831 4.459015776619863e-05
1.3505330681800842 0.0067552924156190075 0.0008061921795318225 4.100451903666464e-05
1.3640514016151428 0.006763041019439586 0.0007689725073280705 4.644718428311496e-05
1.3775849342346191 0.006770491600036732 0.0007644439155445328 5.082996750979879e-05
1.3913747668266296 0.007019340991973877 0.0006939824776794721 4.6282302965699696e-05
1.4054181575775146 0.007024049758911133 0.0007585303873270311 5.428983468359578e-05
1.4194758236408234 0.007033616304397583 0.0007851413746967436 5.247291949519032e-05
1.4335502684116364 0.007040828466415405 0.0008455593244397397 5.64628375094879e-05
1.447877824306488 0.007286727428436279 0.0007475893492788038 4.2702356792446505e-05
1.4624589681625366 0.007294416427612194 0.000788124237748638 4.427217297883728e-05
1.4770563840866089 0.007302999496460072 0.0008390870963616289 4.670458494452763e-05
1.4916654825210571 0.007306098937988281 0.000753702626098995 4.747543932474757e-05
1.506771683692932 0.007800102233886719 0.0007834981779474576 4.5398635066576585e-05
1.5218858122825625 0.007314026355743408 0.0007092756813377 4.933587854307345e-05
1.5370094776153564 0.007809638977050781 0.0006706445302946994 4.5038919566352e-05
1.5526350140571594 0.007815897464752197 0.0007982075626306661 4.820565685141301e-05
1.56827312707901 0.007822215557098389 0.0008092720367767174 4.701913456084709e-05
1.583920180797577 0.007824838161468506 0.000757032870484348 4.766260427190419e-05
1.599573016166687 0.007827997207641602 0.000786918325637177 4.752002520797855e-05
1.6152324676513672 0.007831454277038574 0.0007960898146066853 4.977372495453369e-05
1.6313914060592651 0.008327484130859264 0.0008280485494662344 4.8368390699419406e-05
1.6480495929718018 0.008330702781677357 0.0007921231851096737 4.9022869895487274e-05
1.6644679009914398 0.008087605237960815 0.0008610420581527021 4.9457367838630924e-05
1.6811349093914032 0.008579403162002563 0.000798504180205115 5.263173271650508e-05
1.69805645942688 0.008342146873474121 0.0008461256373807525 5.4386557410061736e-05
1.714737594127655 0.008338987827301025 0.0008358088696534421 5.4819496508113105e-05
1.7319114208221436 0.0088348388671875 0.0007038878311562793 5.084407054386888e-05
1.7493374347686768 0.008591175079345703 0.0007637062215800856 5.2873601280157175e-05
1.766772359609604 0.008843749761581421 0.0006816330721946803 4.937772094952994e-05
1.7844540476799011 0.00883793830871582 0.0007624953067122267 5.758635859786452e-05
1.8023845851421356 0.009092599153518677 0.00078498923199483 5.5762112492152535e-05
1.8203170299530027 0.008839845657348855 0.0007535872446804091 6.140137815494286e-05
1.8384946584701536 0.009337782859802024 0.0008554011656027691 5.4949381490871335e-05
1.8569253981113436 0.009092956781387218 0.0007394767014902691 6.309030768734878e-05
1.875357061624527 0.009338706731796376 0.0008795130284788642 6.15331519406038e-05
1.8942871689796448 0.009591400623321533 0.0007767944558152984 5.8768241083202125e-05
1.9132179021835327 0.009339332580566406 0.0007843303508055105 5.991163459244445e-05
1.932387173175812 0.009829938411712646 0.0008281248220491639 6.460700518035391e-05
1.9518065750598907 0.009589463472366333 0.0006909201434815353 6.8158326836355e-05
1.9709856808185584 0.00958964228630066 0.0008420054206128306 6.762506916694812e-05
1.990649402141571 0.010074079036712869 0.0007634421645024615 6.660576156976059e-05
2.0108067989349365 0.01008331775665261 0.0007838376039480461 7.98048860900729e-05
2.030969023704529 0.010078907012939453 0.0008083442087890834 6.942254840154768e-05
2.051126480102539 0.0100785493850708 0.0007899477238713734 7.419406396866432e-05
2.0715335607528687 0.010328531265258789 0.0008415484354797761 7.044101219357872e-05
2.092190146446228 0.010328054428100586 0.0008109061671503472 6.663048034386512e-05
2.1133358478546143 0.010817646980285645 0.0007561319710063153 6.862082009043388e-05
2.134476661682129 0.010323166847229004 0.0007170718811617764 7.451629757437893e-05
2.155617356300354 0.010817527770996094 0.0007691793858668384 6.8857534188405e-05
2.1772552728652954 0.010820388793945312 0.0007598435980140225 7.772997594335796e-05
2.198899984359741 0.010824322700500488 0.0008695586874723985 8.648010012302722e-05
2.221035957336426 0.011311650276184082 0.000715756515920573 7.433160875399963e-05
2.24341881275177 0.011071205139160156 0.0007026155118474386 7.468578892801492e-05
2.2658071517944336 0.011317133903503418 0.00084973606167401 8.530968573916916e-05
2.288446068763733 0.011321783065795898 0.0008197342741689583 7.908850546287833e-05
2.311342239379883 0.011574387550354004 0.000790345252663473 8.963468097560085e-05
2.3344863653182983 0.011569738388061523 0.0008306122171520789 8.440413598525873e-05
2.3576343059539795 0.011578202247619629 0.0008119998530275647 9.346039292920406e-05
2.3810412883758545 0.011828780174255371 0.0007454276472450541 9.607918942247655e-05
2.404954731464386 0.012084662914276123 0.0011314937259333951 9.93731770871009e-05
2.429126799106598 0.012087404727935791 0.0006298244864888054 0.00010278845526646517
2.453561544418335 0.012347340583801047 0.0006611248075474268 0.00011872987324867162
2.47826623916626 0.01235735416412398 0.000672937151320563 0.00010503855697943018
2.502986073493957 0.012362480163574219 0.0008492791067493792 0.00010523141982810062
2.527726531028748 0.012377977371215598 0.0006698626330051752 0.00010577094508201815
2.552992582321167 0.012888073921203613 0.0007773514753698382 0.00011315004949842787
2.5787798166275024 0.012899160385131836 0.0008776681819875063 0.00012041116647605073
2.6045985221862797 0.01291954517364502 0.0008358753895604188 0.00013466395712975998
2.630457043647766 0.012938976287841797 0.0006178225388892363 0.000128674790162309
2.6565970182418823 0.013200998306274414 0.0007886902556700254 0.0001249944402485488
2.683280646800995 0.013482630252838135 0.0009071168115155136 0.00012342533341984306
2.710267722606659 0.013504445552825928 0.0008508217566331696 0.00014260906062499282
2.7373064756393437 0.013534307479858398 0.0005985594443386526 0.00012787064530850035
2.764656782150269 0.013815999031066895 0.0005484287594136289 0.00013882475029681246
2.7923182249069214 0.01384544372558616 0.0007465377635300022 0.0001417898290253573
2.812978506088257 0.00681483745574929 0.0009794407208670692 0.00022445417510002277
