iwave,wave,waveMin,waveMax,yval,yerrLow,yerrUpp,wlcLow,wlcUpp,ignore,referenceLink,instrname,reference,bandpass
0,0.6042400151491165,0.6011636853218079,0.6073163449764252,484.8012403608799,223.95551523478312,452.14713592820715,0.0,0.0,0,none,NIRISS_SOSS,ExoTEP,uniform
1,0.6102011054754257,0.6073163449764252,0.6130858659744263,921.096530550171,416.0466094694259,513.7983762346895,0.0,0.0,0,none,NIRISS_SOSS,ExoTEP,uniform
2,0.6161908656358719,0.6130858659744263,0.6192958652973175,857.5665139825082,385.8917810934793,462.3952040818708,0.0,0.0,0,none,NIRISS_SOSS,ExoTEP,uniform
3,0.622416689991951,0.6192958652973175,0.6255375146865845,509.60981918510026,271.78402040211415,421.52389051228283,0.0,0.0,0,none,NIRISS_SOSS,ExoTEP,uniform
4,0.628672793507576,0.6255375146865845,0.6318080723285675,681.8587591262299,314.31159056057476,428.79192354074155,0.0,0.0,0,none,NIRISS_SOSS,ExoTEP,uniform
5,0.6349585801362991,0.6318080723285675,0.6381090879440308,653.4641461651441,252.32512379715652,280.28573945864,0.0,0.0,0,none,NIRISS_SOSS,ExoTEP,uniform
6,0.6412736475467682,0.6381090879440308,0.6444382071495056,678.0959241518253,231.11915181214258,260.06395195085145,0.0,0.0,0,none,NIRISS_SOSS,ExoTEP,uniform
7,0.647616446018219,0.6444382071495056,0.6507946848869324,625.7922229870801,203.75854456275025,201.4371392089003,0.0,0.0,0,none,NIRISS_SOSS,ExoTEP,uniform
8,0.6542009115219116,0.6507946848869324,0.6576071381568909,730.6448429313996,176.45544348886006,176.28587785028012,0.0,0.0,0,none,NIRISS_SOSS,ExoTEP,uniform
9,0.6608139276504517,0.6576071381568909,0.6640207171440125,739.9104071599739,159.3097719668396,171.86306587330574,0.0,0.0,0,none,NIRISS_SOSS,ExoTEP,uniform
10,0.6674565672874451,0.6640207171440125,0.6708924174308777,868.1902033691861,182.3395071243056,177.1172964694901,0.0,0.0,0,none,NIRISS_SOSS,ExoTEP,uniform
11,0.6741271764039993,0.6708924174308777,0.677361935377121,457.35400887948856,153.7235323896923,173.98472865148162,0.0,0.0,0,none,NIRISS_SOSS,ExoTEP,uniform
12,0.6808273047208786,0.677361935377121,0.6842926740646362,935.2871108313711,168.7181711203707,170.19441101923928,0.0,0.0,0,none,NIRISS_SOSS,ExoTEP,uniform
13,0.6875536888837814,0.6842926740646362,0.6908147037029266,978.2161415831945,185.38810507642313,175.18955270036435,0.0,0.0,0,none,NIRISS_SOSS,ExoTEP,uniform
14,0.694307416677475,0.6908147037029266,0.6978001296520233,545.2043526270113,132.07408028450843,132.32071785456407,0.0,0.0,0,none,NIRISS_SOSS,ExoTEP,uniform
15,0.7013060748577118,0.6978001296520233,0.7048120200634003,534.1838111479684,111.83770848394282,113.5503493247908,0.0,0.0,0,none,NIRISS_SOSS,ExoTEP,uniform
16,0.7083325386047363,0.7048120200634003,0.7118530571460724,598.14946111246,118.93737702526147,116.07112588775604,0.0,0.0,0,none,NIRISS_SOSS,ExoTEP,uniform
17,0.7153867334127426,0.7118530571460724,0.7189204096794128,694.227227784543,144.79308343744842,137.69835664470105,0.0,0.0,0,none,NIRISS_SOSS,ExoTEP,uniform
18,0.7226890325546265,0.7189204096794128,0.7264576554298401,476.02104817334873,122.2300331673734,118.49362769928204,0.0,0.0,0,none,NIRISS_SOSS,ExoTEP,uniform
19,0.7300165891647339,0.7264576554298401,0.7335755228996277,751.8525033253197,106.92822422415287,110.49027314973642,0.0,0.0,0,none,NIRISS_SOSS,ExoTEP,uniform
20,0.7371486127376556,0.7335755228996277,0.7407217025756836,765.0280768648738,96.70438984907318,92.30563373314197,0.0,0.0,0,none,NIRISS_SOSS,ExoTEP,uniform
21,0.7445310652256012,0.7407217025756836,0.7483404278755188,796.8710842976086,94.44692689066699,88.81731358927907,0.0,0.0,0,none,NIRISS_SOSS,ExoTEP,uniform
22,0.7520509138703346,0.7483404278755188,0.7557613998651505,829.1010417437676,94.59859662812617,98.7942680051362,0.0,0.0,0,none,NIRISS_SOSS,ExoTEP,uniform
23,0.7594834193587303,0.7557613998651505,0.7632054388523102,832.5261399145527,90.06213761249117,97.1577731593837,0.0,0.0,0,none,NIRISS_SOSS,ExoTEP,uniform
24,0.7670541554689407,0.7632054388523102,0.7709028720855713,732.339838248969,100.55498593011802,100.38157564056311,0.0,0.0,0,none,NIRISS_SOSS,ExoTEP,uniform
25,0.7747633457183838,0.7709028720855713,0.7786238193511963,904.2422646582678,109.09639764941109,110.54744510959841,0.0,0.0,0,none,NIRISS_SOSS,ExoTEP,uniform
26,0.7824953198432922,0.7786238193511963,0.7863668203353882,751.6310467343221,102.9525264852233,105.63172488765498,0.0,0.0,0,none,NIRISS_SOSS,ExoTEP,uniform
27,0.7902513146400452,0.7863668203353882,0.7941358089447021,703.0738832251677,101.24515733715849,96.50932177866615,0.0,0.0,0,none,NIRISS_SOSS,ExoTEP,uniform
28,0.7982615232467651,0.7941358089447021,0.8023872375488281,691.3922175175716,104.31298727369882,102.80340461817404,0.0,0.0,0,none,NIRISS_SOSS,ExoTEP,uniform
29,0.8062942326068878,0.8023872375488281,0.8102012276649475,693.3326034297556,101.72895060197433,95.64481328477065,0.0,0.0,0,none,NIRISS_SOSS,ExoTEP,uniform
30,0.8143511712551117,0.8102012276649475,0.8185011148452759,642.8772342258678,109.83328540323986,106.7179554063778,0.0,0.0,0,none,NIRISS_SOSS,ExoTEP,uniform
31,0.8224304914474487,0.8185011148452759,0.8263598680496216,887.3765259061486,119.67473515721667,115.36382710553116,0.0,0.0,0,none,NIRISS_SOSS,ExoTEP,uniform
32,0.8305315375328064,0.8263598680496216,0.8347032070159912,897.6590258437582,123.63195764098408,114.1586101580537,0.0,0.0,0,none,NIRISS_SOSS,ExoTEP,uniform
33,0.8388860672712326,0.8347032070159912,0.843068927526474,744.985000932118,122.41996336303467,133.13048557941485,0.0,0.0,0,none,NIRISS_SOSS,ExoTEP,uniform
34,0.8472618758678436,0.843068927526474,0.8514548242092133,849.1434563680604,125.75521412805307,125.30147583763558,0.0,0.0,0,none,NIRISS_SOSS,ExoTEP,uniform
35,0.8552010655403137,0.8507786393165588,0.8596234917640686,971.6748163422346,130.74175031569226,134.22479406838323,0.0,0.0,0,none,NIRISS_SOSS,ExoTEP,uniform
36,0.8636139631271362,0.8596234917640686,0.8676044344902039,864.6194127451604,199.88857906946745,199.68165885197482,0.0,0.0,0,none,NIRISS_SOSS,ExoTEP,uniform
37,0.87205009162426,0.8676044344902039,0.876495748758316,717.6372648100161,92.76979987227674,97.5453375882335,0.0,0.0,0,none,NIRISS_SOSS,ExoTEP,uniform
38,0.8809519559144974,0.876495748758316,0.8854081630706787,768.3441701906337,84.09885297022005,81.55772702309216,0.0,0.0,0,none,NIRISS_SOSS,ExoTEP,uniform
39,0.8898752629756927,0.8854081630706787,0.8943423628807068,808.8655095027318,78.257009290052,81.00223381257305,0.0,0.0,0,none,NIRISS_SOSS,ExoTEP,uniform
40,0.8988228440284729,0.8943423628807068,0.903303325176239,950.2138724368558,76.02531102593568,74.38100042890215,0.0,0.0,0,none,NIRISS_SOSS,ExoTEP,uniform
41,0.907792180776596,0.903303325176239,0.9122810363769532,883.7334701113114,74.86645050925671,73.19445336710481,0.0,0.0,0,none,NIRISS_SOSS,ExoTEP,uniform
42,0.9167822301387788,0.9122810363769532,0.9212834239006042,921.0274746887599,66.59802129285845,64.43486920221426,0.0,0.0,0,none,NIRISS_SOSS,ExoTEP,uniform
43,0.9257931858301164,0.9212834239006042,0.9303029477596284,872.1847123359947,67.1973215113619,68.11945393040354,0.0,0.0,0,none,NIRISS_SOSS,ExoTEP,uniform
44,0.9348260015249252,0.9303029477596284,0.9393490552902222,863.0693443920777,66.93703065338849,63.196776031336476,0.0,0.0,0,none,NIRISS_SOSS,ExoTEP,uniform
45,0.9443340450525284,0.9393490552902222,0.9493190348148346,1004.2057615781699,62.641784108411855,63.76361939747399,0.0,0.0,0,none,NIRISS_SOSS,ExoTEP,uniform
46,0.9538620263338088,0.9493190348148346,0.9584050178527832,844.6751614354476,66.64483112401277,63.671843561307334,0.0,0.0,0,none,NIRISS_SOSS,ExoTEP,uniform
47,0.9634136259555816,0.9584050178527832,0.96842223405838,934.600944666644,55.820725066994164,57.67458610446453,0.0,0.0,0,none,NIRISS_SOSS,ExoTEP,uniform
48,0.9729851484298706,0.96842223405838,0.9775480628013612,817.2866945910665,64.565829901792,60.91724338625259,0.0,0.0,0,none,NIRISS_SOSS,ExoTEP,uniform
49,0.9825802743434906,0.9775480628013612,0.98761248588562,814.6042753071497,60.421077715770735,56.810624225338195,0.0,0.0,0,none,NIRISS_SOSS,ExoTEP,uniform
50,0.9926546216011048,0.98761248588562,0.9976967573165894,835.4939814106942,57.050747777972106,59.07426377502665,0.0,0.0,0,none,NIRISS_SOSS,ExoTEP,uniform
51,1.0027484595775604,0.9976967573165894,1.0078001618385315,829.7685506883897,55.10903183731135,55.53583209273098,0.0,0.0,0,none,NIRISS_SOSS,ExoTEP,uniform
52,1.0128639042377472,1.0078001618385315,1.017927646636963,748.3417687918273,59.32255016940053,57.663926504732466,0.0,0.0,0,none,NIRISS_SOSS,ExoTEP,uniform
53,1.023001492023468,1.017927646636963,1.0280753374099731,889.7630602602999,68.73342423719119,67.79921343350279,0.0,0.0,0,none,NIRISS_SOSS,ExoTEP,uniform
54,1.0331603586673737,1.0280753374099731,1.0382453799247742,942.7636163121849,52.28862227715946,51.20070696296937,0.0,0.0,0,none,NIRISS_SOSS,ExoTEP,uniform
55,1.0433399975299835,1.0382453799247742,1.0484346151351929,802.5524830004974,55.0390567447237,54.46026525161104,0.0,0.0,0,none,NIRISS_SOSS,ExoTEP,uniform
56,1.0535390079021454,1.0484346151351929,1.058643400669098,887.1725599617691,51.23084182436001,49.16471651705199,0.0,0.0,0,none,NIRISS_SOSS,ExoTEP,uniform
57,1.064222365617752,1.058643400669098,1.0698013305664062,829.2801144585849,44.770371014395344,46.26028429291401,0.0,0.0,0,none,NIRISS_SOSS,ExoTEP,uniform
58,1.0749270617961884,1.0698013305664062,1.0800527930259705,849.5382233063726,44.393953363180906,42.45864203725766,0.0,0.0,0,none,NIRISS_SOSS,ExoTEP,uniform
59,1.0856543481349945,1.0800527930259705,1.0912559032440186,857.061840842913,46.678290272519206,43.56867707992303,0.0,0.0,0,none,NIRISS_SOSS,ExoTEP,uniform
60,1.0964005291461945,1.0912559032440186,1.1015451550483704,839.1931210061598,48.48811002295153,48.98423830633675,0.0,0.0,0,none,NIRISS_SOSS,ExoTEP,uniform
61,1.1071656942367554,1.1015451550483704,1.1127862334251404,852.1563169967312,50.49031245820633,49.1074875356792,0.0,0.0,0,none,NIRISS_SOSS,ExoTEP,uniform
62,1.1184190213680267,1.1127862334251404,1.124051809310913,879.1221233825997,46.26234665483407,45.00792101628706,0.0,0.0,0,none,NIRISS_SOSS,ExoTEP,uniform
63,1.129693180322647,1.124051809310913,1.135334551334381,830.3321475747348,42.56379081234578,41.216702761770705,0.0,0.0,0,none,NIRISS_SOSS,ExoTEP,uniform
64,1.1409867107868197,1.135334551334381,1.1466388702392578,836.8377808120231,48.91075643452983,48.33132882328073,0.0,0.0,0,none,NIRISS_SOSS,ExoTEP,uniform
65,1.1523001194000244,1.1466388702392578,1.157961368560791,936.7923346085092,41.815055892678345,40.20187013915607,0.0,0.0,0,none,NIRISS_SOSS,ExoTEP,uniform
66,1.1638674885034561,1.157961368560791,1.1697736084461212,804.44414507616,44.89107314099079,44.30580170205279,0.0,0.0,0,none,NIRISS_SOSS,ExoTEP,uniform
67,1.1756914108991623,1.1697736084461212,1.1816092133522034,827.9088106351469,37.143241222218705,38.02407244739832,0.0,0.0,0,none,NIRISS_SOSS,ExoTEP,uniform
68,1.1872974336147308,1.1816092133522034,1.1929856538772583,776.579758388021,47.11544279393376,43.5580161062677,0.0,0.0,0,none,NIRISS_SOSS,ExoTEP,uniform
69,1.1991593837738037,1.1929856538772583,1.2053331136703491,873.8856377132026,41.53018816580611,39.669598774860816,0.0,0.0,0,none,NIRISS_SOSS,ExoTEP,uniform
70,1.2115156650543213,1.2053331136703491,1.2176982164382937,844.9295351139784,43.38312566305264,42.22046670509663,0.0,0.0,0,none,NIRISS_SOSS,ExoTEP,uniform
71,1.2234123647212982,1.2176982164382937,1.229126513004303,800.1090660212993,40.61063211314068,43.2753439268705,0.0,0.0,0,none,NIRISS_SOSS,ExoTEP,uniform
72,1.2353286445140839,1.229126513004303,1.2415307760238647,836.3967337593633,37.400936552078356,37.33253687130313,0.0,0.0,0,none,NIRISS_SOSS,ExoTEP,uniform
73,1.2477385997772217,1.2415307760238647,1.2539464235305786,772.086357850319,42.07088118642872,43.354906460407406,0.0,0.0,0,none,NIRISS_SOSS,ExoTEP,uniform
74,1.2601643800735474,1.2539464235305786,1.2663823366165161,874.1647767527746,42.1208516809337,42.04913212324006,0.0,0.0,0,none,NIRISS_SOSS,ExoTEP,uniform
75,1.273088276386261,1.2663823366165161,1.2797942161560059,813.041832288583,39.13775635204057,39.49078851681356,0.0,0.0,0,none,NIRISS_SOSS,ExoTEP,uniform
76,1.28602933883667,1.2797942161560059,1.292264461517334,843.5479423074884,38.9164005948246,40.632859131935746,0.0,0.0,0,none,NIRISS_SOSS,ExoTEP,uniform
77,1.2985070645809174,1.292264461517334,1.3047496676445007,722.8179770538494,40.15808027915045,41.47509283143452,0.0,0.0,0,none,NIRISS_SOSS,ExoTEP,uniform
78,1.3114810287952423,1.3047496676445007,1.3182123899459839,829.2508926102847,43.80707060774849,45.21115493491774,0.0,0.0,0,none,NIRISS_SOSS,ExoTEP,uniform
79,1.3249511122703552,1.3182123899459839,1.3316898345947266,817.238129714125,37.338957098699495,39.87985451182528,0.0,0.0,0,none,NIRISS_SOSS,ExoTEP,uniform
80,1.3379555344581604,1.3316898345947266,1.3442212343215942,842.9437428796537,47.52430834134521,45.69712204016643,0.0,0.0,0,none,NIRISS_SOSS,ExoTEP,uniform
81,1.3509769439697266,1.3442212343215942,1.3577326536178589,861.9578806024374,39.73503142685552,41.634045387513595,0.0,0.0,0,none,NIRISS_SOSS,ExoTEP,uniform
82,1.3644940257072449,1.3577326536178589,1.3712553977966309,823.1234475531455,44.5554835590721,43.1682685446529,0.0,0.0,0,none,NIRISS_SOSS,ExoTEP,uniform
83,1.3785083293914795,1.3712553977966309,1.3857612609863281,801.593710205898,39.10481073692281,39.62158972103334,0.0,0.0,0,none,NIRISS_SOSS,ExoTEP,uniform
84,1.3925377726554873,1.3857612609863281,1.399314284324646,756.3608030028224,48.54601678451741,48.01235202606714,0.0,0.0,0,none,NIRISS_SOSS,ExoTEP,uniform
85,1.4060981273651123,1.399314284324646,1.4128819704055786,805.9178393431881,52.89873519559615,51.17096458317293,0.0,0.0,0,none,NIRISS_SOSS,ExoTEP,uniform
86,1.4201561212539673,1.4128819704055786,1.427430272102356,839.8229146360416,49.69597966410881,49.57518589670575,0.0,0.0,0,none,NIRISS_SOSS,ExoTEP,uniform
87,1.4347141683101654,1.427430272102356,1.4419980645179749,874.4574463792615,46.43817011224691,48.36107035854441,0.0,0.0,0,none,NIRISS_SOSS,ExoTEP,uniform
88,1.4488004744052887,1.4419980645179749,1.4556028842926023,799.8747454508382,41.94927950386544,42.08722275071027,0.0,0.0,0,none,NIRISS_SOSS,ExoTEP,uniform
89,1.4628968238830566,1.4556028842926023,1.4701907634735107,815.3234261454103,43.07233070461466,44.17093402091251,0.0,0.0,0,none,NIRISS_SOSS,ExoTEP,uniform
90,1.4777342528104782,1.4701907634735107,1.4852777421474457,870.9457273380665,42.91928071648001,43.249774908402465,0.0,0.0,0,none,NIRISS_SOSS,ExoTEP,uniform
91,1.4928281158208847,1.4852777421474457,1.5003784894943237,805.9801908197618,45.41779708317211,43.69641466199717,0.0,0.0,0,none,NIRISS_SOSS,ExoTEP,uniform
92,1.5076899528503418,1.5003784894943237,1.5150014162063599,854.979704415603,43.94699455261546,44.436428694428365,0.0,0.0,0,none,NIRISS_SOSS,ExoTEP,uniform
93,1.5228036642074585,1.5150014162063599,1.5306059122085571,741.5427017915106,42.403283676930556,43.76317437343238,0.0,0.0,0,none,NIRISS_SOSS,ExoTEP,uniform
94,1.5379270911216736,1.5306059122085571,1.54524827003479,718.9900256446424,44.647609224897224,46.821579503572046,0.0,0.0,0,none,NIRISS_SOSS,ExoTEP,uniform
95,1.553063690662384,1.54524827003479,1.560879111289978,812.6045569393332,45.34852440836522,42.92189582242671,0.0,0.0,0,none,NIRISS_SOSS,ExoTEP,uniform
96,1.5687017440795898,1.560879111289978,1.5765243768692017,871.249368593513,43.54270200519375,44.90921545513077,0.0,0.0,0,none,NIRISS_SOSS,ExoTEP,uniform
97,1.584348738193512,1.5765243768692017,1.5921730995178223,780.5624606691767,40.41673901209735,43.301448249333404,0.0,0.0,0,none,NIRISS_SOSS,ExoTEP,uniform
98,1.6004904806613922,1.5921730995178223,1.6088078618049622,824.430860440079,46.43241517933774,49.601064666075374,0.0,0.0,0,none,NIRISS_SOSS,ExoTEP,uniform
99,1.616638720035553,1.6088078618049622,1.6244695782661438,860.4777046186798,45.57068013379397,43.64238507696168,0.0,0.0,0,none,NIRISS_SOSS,ExoTEP,uniform
100,1.6327975392341614,1.6244695782661438,1.641125500202179,853.8931360278384,48.377477749558246,49.21394923711869,0.0,0.0,0,none,NIRISS_SOSS,ExoTEP,uniform
101,1.6489624977111816,1.641125500202179,1.6567994952201843,824.1383275508152,46.42918796499171,44.067580395099206,0.0,0.0,0,none,NIRISS_SOSS,ExoTEP,uniform
102,1.6651343703269958,1.6567994952201843,1.6734692454338074,922.8540382094696,48.261193617057664,50.69108668330024,0.0,0.0,0,none,NIRISS_SOSS,ExoTEP,uniform
103,1.6818058788776398,1.6734692454338074,1.6901425123214722,854.1226948177189,51.38964787513632,47.74628959083007,0.0,0.0,0,none,NIRISS_SOSS,ExoTEP,uniform
104,1.6987259536981583,1.6901425123214722,1.7073093950748444,887.113170900483,55.83195381088815,54.50886332912019,0.0,0.0,0,none,NIRISS_SOSS,ExoTEP,uniform
105,1.7158953100442886,1.7073093950748444,1.724481225013733,848.3231783036052,54.09211221910591,49.531639022294854,0.0,0.0,0,none,NIRISS_SOSS,ExoTEP,uniform
106,1.7328259348869324,1.724481225013733,1.7411706447601318,751.4791125865761,53.8329381029122,49.843390704646666,0.0,0.0,0,none,NIRISS_SOSS,ExoTEP,uniform
107,1.7500073313713074,1.7411706447601318,1.758844017982483,747.5242739826776,53.22482180732494,56.713867447934305,0.0,0.0,0,none,NIRISS_SOSS,ExoTEP,uniform
108,1.7676862478256226,1.758844017982483,1.7765284776687622,747.5790937139931,50.71936245287869,46.10432645683965,0.0,0.0,0,none,NIRISS_SOSS,ExoTEP,uniform
109,1.7853684723377228,1.7765284776687622,1.7942084670066833,761.4688003179795,53.28616121843506,53.393225410217575,0.0,0.0,0,none,NIRISS_SOSS,ExoTEP,uniform
110,1.8030534088611603,1.7942084670066833,1.8118983507156372,857.74484095209,51.332901160476446,52.7531010064501,0.0,0.0,0,none,NIRISS_SOSS,ExoTEP,uniform
111,1.8212316036224365,1.8118983507156372,1.8305648565292358,814.4750366295532,64.60237019836003,61.888238449778704,0.0,0.0,0,none,NIRISS_SOSS,ExoTEP,uniform
112,1.8396569192409515,1.8305648565292358,1.8487489819526672,876.4672471525403,57.05221378277662,58.540299184253605,0.0,0.0,0,none,NIRISS_SOSS,ExoTEP,uniform
113,1.8578414618968964,1.8487489819526672,1.8669339418411255,830.3237301525086,62.556301405184016,57.39755027283626,0.0,0.0,0,none,NIRISS_SOSS,ExoTEP,uniform
114,1.8762726187705996,1.8669339418411255,1.8856112957000732,927.2040785170199,63.1506940273375,62.45682345610924,0.0,0.0,0,none,NIRISS_SOSS,ExoTEP,uniform
115,1.89519964158535,1.8856112957000732,1.9047879874706268,823.3734153850783,61.216341110549855,60.56765771149819,0.0,0.0,0,none,NIRISS_SOSS,ExoTEP,uniform
116,1.9143740981817245,1.9047879874706268,1.9239602088928223,819.6917381848098,59.60859969989389,58.95704812204939,0.0,0.0,0,none,NIRISS_SOSS,ExoTEP,uniform
117,1.9333018958568573,1.9239602088928223,1.9426435828208921,901.7883308049609,62.898424805143435,62.335537632698994,0.0,0.0,0,none,NIRISS_SOSS,ExoTEP,uniform
118,1.9524757266044617,1.9426435828208921,1.9623078703880308,725.7686505823566,65.13929439499626,65.72985967235924,0.0,0.0,0,none,NIRISS_SOSS,ExoTEP,uniform
119,1.972143977880478,1.9623078703880308,1.981980085372925,890.7438743417167,68.83482801274208,66.5414233848942,0.0,0.0,0,none,NIRISS_SOSS,ExoTEP,uniform
120,1.9918095469474792,1.981980085372925,2.0016390085220337,822.672977871195,70.69103100666038,70.69674314028873,0.0,0.0,0,none,NIRISS_SOSS,ExoTEP,uniform
121,2.011967122554779,2.0016390085220337,2.0222952365875244,813.4468527494041,70.51067223591386,72.146502822428,0.0,0.0,0,none,NIRISS_SOSS,ExoTEP,uniform
122,2.0321277379989624,2.0222952365875244,2.0419602394104004,902.0514746511699,66.37684095383409,64.95767411060125,0.0,0.0,0,none,NIRISS_SOSS,ExoTEP,uniform
123,2.0522860884666443,2.0419602394104004,2.062611937522888,855.1687021328323,68.51698072916629,71.08531694540497,0.0,0.0,0,none,NIRISS_SOSS,ExoTEP,uniform
124,2.0729398131370544,2.062611937522888,2.0832676887512207,899.4951171227603,68.36025006641374,71.11368144207421,0.0,0.0,0,none,NIRISS_SOSS,ExoTEP,uniform
125,2.093594551086426,2.0832676887512207,2.103921413421631,841.9977228228174,75.48944070969877,74.14125726383315,0.0,0.0,0,none,NIRISS_SOSS,ExoTEP,uniform
126,2.1147390007972717,2.103921413421631,2.1255565881729126,842.7500797533335,74.91223218976403,72.72835909974812,0.0,0.0,0,none,NIRISS_SOSS,ExoTEP,uniform
127,2.1358824372291565,2.1255565881729126,2.1462082862854004,780.578253502639,76.10085638083923,80.69018324271859,0.0,0.0,0,none,NIRISS_SOSS,ExoTEP,uniform
128,2.1570258140563965,2.1462082862854004,2.1678433418273926,840.2436379518665,68.00883260683592,66.22816879766482,0.0,0.0,0,none,NIRISS_SOSS,ExoTEP,uniform
129,2.178663730621338,2.1678433418273926,2.189484119415283,834.1062541025381,80.95443474412713,78.7650964274471,0.0,0.0,0,none,NIRISS_SOSS,ExoTEP,uniform
130,2.2003058791160583,2.189484119415283,2.2111276388168335,923.2453491368653,82.2175173655689,78.31917699406453,0.0,0.0,0,none,NIRISS_SOSS,ExoTEP,uniform
131,2.2224409580230713,2.2111276388168335,2.233754277229309,793.9526533611504,78.10417344618898,74.75995727804192,0.0,0.0,0,none,NIRISS_SOSS,ExoTEP,uniform
132,2.244825065135956,2.233754277229309,2.2558958530426025,725.7668062152864,74.62688582513653,78.59791673905514,0.0,0.0,0,none,NIRISS_SOSS,ExoTEP,uniform
133,2.2669670581817627,2.2558958530426025,2.278038263320923,868.8742224657102,85.21025664217538,85.82283357449083,0.0,0.0,0,none,NIRISS_SOSS,ExoTEP,uniform
134,2.2896063029766083,2.278038263320923,2.3011743426322937,912.0591233945386,82.30826963013787,79.95344698939391,0.0,0.0,0,none,NIRISS_SOSS,ExoTEP,uniform
135,2.3127468526363373,2.3011743426322937,2.324319362640381,885.2166617755486,87.10617416181645,84.99252197667883,0.0,0.0,0,none,NIRISS_SOSS,ExoTEP,uniform
136,2.335890620946884,2.324319362640381,2.3474618792533875,864.168373676632,91.76498323508743,89.0747155970101,0.0,0.0,0,none,NIRISS_SOSS,ExoTEP,uniform
137,2.3590408861637115,2.3474618792533875,2.3706198930740356,822.0664967040426,91.93065409216787,94.3533858989189,0.0,0.0,0,none,NIRISS_SOSS,ExoTEP,uniform
138,2.3824483156204224,2.3706198930740356,2.394276738166809,822.4582943925398,97.96560599205104,102.1542354482974,0.0,0.0,0,none,NIRISS_SOSS,ExoTEP,uniform
139,2.4066060185432434,2.394276738166809,2.4189352989196777,1183.0508000639097,96.56941640582875,98.68969998334256,0.0,0.0,0,none,NIRISS_SOSS,ExoTEP,uniform
140,2.430778920650482,2.4189352989196777,2.4426225423812866,682.2999326738225,108.46867302589875,107.11128153251353,0.0,0.0,0,none,NIRISS_SOSS,ExoTEP,uniform
141,2.4549684524536133,2.4426225423812866,2.46731436252594,712.9805856275293,96.94668976195544,104.55023169390688,0.0,0.0,0,none,NIRISS_SOSS,ExoTEP,uniform
142,2.479670464992523,2.46731436252594,2.4920265674591064,679.1799845471578,109.68576689812224,111.19284115434039,0.0,0.0,0,none,NIRISS_SOSS,ExoTEP,uniform
143,2.5043903589248657,2.4920265674591064,2.516754150390625,891.0447995505743,102.16298502982507,98.51304335017502,0.0,0.0,0,none,NIRISS_SOSS,ExoTEP,uniform
144,2.5293804109096527,2.516754150390625,2.5420066714286804,675.8166449322493,109.72018963986925,113.92843753718252,0.0,0.0,0,none,NIRISS_SOSS,ExoTEP,uniform
145,2.5546463429927826,2.5420066714286804,2.5672860145568848,920.2009714573893,112.76813115967998,112.36961618682916,0.0,0.0,0,none,NIRISS_SOSS,ExoTEP,uniform
146,2.5801857113838196,2.5672860145568848,2.5930854082107544,949.4290270410811,114.88720414740573,118.73896663765227,0.0,0.0,0,none,NIRISS_SOSS,ExoTEP,uniform
147,2.606004536151886,2.5930854082107544,2.6189236640930176,888.2475679821779,127.91102034603041,126.56038962828399,0.0,0.0,0,none,NIRISS_SOSS,ExoTEP,uniform
148,2.6318609714508057,2.6189236640930176,2.6447982788085938,669.737787280277,134.74353325074256,122.59822538228075,0.0,0.0,0,none,NIRISS_SOSS,ExoTEP,uniform
149,2.658251941204071,2.6447982788085938,2.6717056035995483,869.4239351480592,131.4709635070842,129.79118468024305,0.0,0.0,0,none,NIRISS_SOSS,ExoTEP,uniform
150,2.685187041759491,2.6717056035995483,2.6986684799194336,959.9140948466847,127.2097547226955,132.8550417285206,0.0,0.0,0,none,NIRISS_SOSS,ExoTEP,uniform
151,2.712173283100128,2.6986684799194336,2.7256780862808228,923.7023665805659,125.21890830238154,132.2092575478933,0.0,0.0,0,none,NIRISS_SOSS,ExoTEP,uniform
152,2.7392126321792603,2.7256780862808228,2.7527471780776978,649.6350598502677,142.9707523749294,138.57850504597027,0.0,0.0,0,none,NIRISS_SOSS,ExoTEP,uniform
153,2.766310691833496,2.7527471780776978,2.7798742055892944,595.9327810978167,126.74503617988168,141.3607152205648,0.0,0.0,0,none,NIRISS_SOSS,ExoTEP,uniform
154,2.793974995613098,2.7798742055892944,2.808075785636902,837.7295133883387,152.15999369693412,151.18592080237636,0.0,0.0,0,none,NIRISS_SOSS,ExoTEP,uniform
155,2.8136268854141235,2.808075785636902,2.819177985191345,842.3819912914369,230.73640561844553,246.52600660872469,0.0,0.0,0,none,NIRISS_SOSS,ExoTEP,uniform