3.828358614373064 0.0038283586143730286 0.0015125365274878098 5.008164488656909e-05
3.8437027370759616 0.0038437027370759047 0.001405207396976394 4.165441348351543e-05
3.8591083592686504 0.0038591083592687254 0.0015106600970977815 5.458715346985176e-05
3.874575727442072 0.0038745757274420978 0.0014180008246952307 4.3066397159914884e-05
3.8901050890751065 0.0038901050890751687 0.0014000926849849931 4.2005378695220875e-05
3.9056966926385344 0.003905696692638516 0.0014304528301370852 4.32846811353978e-05
3.9213507875990095 0.003921350787599031 0.0014082943701570776 4.166814189178152e-05
3.9370676244230536 0.00393706762442303 0.0014955897614162643 4.755387292484625e-05
3.9528474545810615 0.003952847454581132 0.001481955711053678 4.434352797746992e-05
3.9686905305513274 0.0039686905305513775 0.0015011304394341523 4.6716238189327235e-05
3.9845971058240774 0.003984597105824106 0.0014706407828638788 4.44662917072897e-05
4.000567434905538 0.00400056743490551 0.0014153745592746616 4.6080779523261024e-05
4.016601773321993 0.004016601773322082 0.0014906508231975783 4.411358166043686e-05
4.032700377623884 0.004032700377623932 0.001491828499573718 4.48374021285865e-05
4.048863505389912 0.00404886350538991 0.0013904860332604352 4.7458974584357096e-05
4.065091415231153 0.004065091415231147 0.0015403647449606951 4.8809819144314716e-05
4.081384366795208 0.004081384366795281 0.0015217575790800592 4.384244227342366e-05
4.097742620770338 0.004097742620770228 0.0014305459087073514 4.865982956577834e-05
4.114166438889658 0.0041141664388895105 0.001463402227202138 4.909692394191059e-05
4.130656083935307 0.00413065608393537 0.0013724265010064715 4.784939533007763e-05
4.147211819742664 0.004147211819742536 0.0014225423654697215 5.040333886493953e-05
4.163833911204557 0.00416383391120445 0.0014226310509890662 4.840871644157661e-05
4.1805226242755165 0.0041805226242757065 0.001495854969541462 4.8054945929249505e-05
4.197278225976021 0.004197278225976041 0.0015087893765453112 5.104887349655619e-05
4.214100984396767 0.004214100984396785 0.0014475786835214228 5.3989058432839704e-05
4.230991168702966 0.004230991168703069 0.001550051110611402 5.011720962962663e-05
4.247949049138649 0.004247949049138499 0.0014649042660546496 4.8469000627930514e-05
4.264974897030989 0.004264974897030927 0.0014820108625845198 5.144794662442016e-05
4.282068984794639 0.004282068984794663 0.0015195556203226243 5.214696249283017e-05
4.2992315859361 0.004299231585936036 0.0014172302430079172 5.702400949969186e-05
4.316462975058089 0.004316462975058055 0.0014691427120824664 5.26241343467594e-05
4.333763427863933 0.004333763427863958 0.0015734230837340648 6.474757780592973e-05
4.3511332211619855 0.004351133221162095 0.0014403675590044104 5.0468022590328566e-05
4.36857263287005 0.00436857263287016 0.0014863693027167052 5.716938750604747e-05
4.38608194201983 0.004386081942019837 0.0015165441765594655 5.770895346125408e-05
4.403661428761392 0.004403661428761251 0.0014566557677308943 5.7677628830721025e-05
4.42131137436765 0.0044213113743678525 0.0016073190531346432 6.061352166029197e-05
4.439032061238864 0.004439032061238857 0.0015089784740999583 5.621996048416111e-05
4.456823772907155 0.004456823772907015 0.0013753362131296099 5.9319771477892636e-05
4.474686794041052 0.004474686794041061 0.0015442072664502984 6.226563395111067e-05
4.492621410450033 0.004492621410449926 0.0015049889573524472 6.368419853001659e-05
4.510627909089111 0.004510627909089182 0.0014667825166720851 5.6367096944160637e-05
4.528706578063416 0.00452870657806348 0.0014406155633318882 6.0203553765681686e-05
4.546857706632808 0.004546857706632768 0.0014698486921108126 6.16957410746865e-05
4.565081585216507 0.004565081585216512 0.0014045921947793284 6.62114557842219e-05
4.583378505397736 0.004583378505397695 0.0014880811101591976 6.342346283343855e-05
4.601748759928388 0.004601748759928359 0.001491961246505228 6.255565825245572e-05
4.620192642733713 0.004620192642733612 0.0014825563108743416 6.558553283066685e-05
4.638710448917013 0.00463871044891695 0.0014870750520253264 6.328558052483754e-05
4.657302474764376 0.004657302474764258 0.0014104503058289832 6.557180044364772e-05
4.675969017749404 0.0046759690177495825 0.0013861561108175372 6.481372486993281e-05
4.694710376537977 0.004694710376538015 0.0014626561714511496 6.297828160118584e-05
4.71352685099304 0.004713526850993023 0.001409861276036418 6.857764558856007e-05
4.7324187421793855 0.004732418742179556 0.0014791296297259028 6.382775247720007e-05
4.751386352368481 0.004751386352368492 0.001402253067255781 6.983307599923357e-05
4.770429985043306 0.00477042998504329 0.0013899911086740358 6.376858016661634e-05
4.789549944903198 0.004789549944903104 0.0015306729364400415 7.279534275855614e-05
4.808746537868742 0.004808746537868559 0.0013890471440537863 6.601431951507065e-05
4.828020071086652 0.004828020071086625 0.0014503425962191724 7.057567690131542e-05
4.847370852934695 0.0048473708529346285 0.0014980697343756533 6.748556140284521e-05
4.866799193026617 0.004866799193026682 0.001622942849155838 7.792529861702492e-05
4.886305402217105 0.004886305402217239 0.0015657279292232876 7.243280359638604e-05
4.905889792606754 0.004905889792606866 0.001431173265432635 7.070686635259564e-05
4.925552677547062 0.004925552677547129 0.0013926484370542004 7.088384315837354e-05
4.9452943716454465 0.004945294371645481 0.0015589897830919095 7.608641251596152e-05
4.965115190770278 0.004965115190770143 0.0014535971094608595 7.712486961488496e-05
4.985015452055928 0.004985015452055873 0.0014597985373268148 8.08261513668034e-05
5.004995473907858 0.00500499547390798 0.0013736301227313928 7.569655116985112e-05
5.025055576007689 0.00502505557600763 0.0014280664924213175 8.005980086774425e-05
5.045196079318341 0.005045196079318304 0.0016858619197562836 7.889788872413126e-05
5.065417306089156 0.005065417306089115 0.001413502930591038 7.654723247739055e-05
5.085719579861056 0.005085719579861258 0.0015426848190401583 8.632506200408699e-05
5.106103225471721 0.00510610322547178 0.0014628219445957154 7.21518166949849e-05
5.126568569060787 0.005126568569060685 0.0014251099109281323 7.938608310180547e-05
5.147115938075058 0.00514711593807493 0.0014412153429328215 8.314900889891928e-05
5.167745661273756 0.005167745661273759 0.0014225785029087664 0.0001105505991161252
