3.828358614373064 0.007656717228746 0.0015275464199853528 7.995636903105913e-05
3.8437027370759616 0.007687405474152 0.0013364998510222614 6.260496440936418e-05
3.859108359268651 0.007718216718537 0.0014168316970836119 6.532006388481496e-05
3.874575727442072 0.0077491514548844 0.0015243514581736721 5.698193641279865e-05
3.8901050890751065 0.0077802101781501 0.0014345601711108378 6.863160719369874e-05
3.905696692638534 0.0078113933852772 0.0013773990020209848 6.737993658149269e-05
3.9213507875990095 0.0078427015751982 0.001442500749214614 6.89850519659278e-05
3.937067624423054 0.007874135248846 0.0014662514119754067 6.672506067832336e-05
3.952847454581062 0.007905694909162 0.001473211878167175 6.81879006359672e-05
3.968690530551327 0.0079373810611027 0.0014320513938874794 7.093347943123844e-05
3.984597105824078 0.0079691942116482 0.001463090709059419 6.625912743948272e-05
4.000567434905538 0.008001134869811 0.0014847791826761328 7.641568795567682e-05
4.016601773321993 0.0080332035466441 0.0014940568016617952 5.794838120854189e-05
4.032700377623884 0.0080654007552478 0.0015274827843959051 7.41154739972707e-05
4.048863505389912 0.0080977270107798 0.0015641582703906226 7.452582216221501e-05
4.065091415231154 0.0081301828304622 0.00152692896181847 7.408999682323035e-05
4.081384366795207 0.0081627687335905 0.0015257293490260444 7.674048557714799e-05
4.0977426207703385 0.0081954852415409 0.001387010182762415 6.975303766534337e-05
4.114166438889658 0.0082283328777785 0.0014337659716591787 6.558875457979675e-05
4.130656083935307 0.0082613121678707 0.0014187583724953562 7.728678712155453e-05
4.147211819742664 0.008294423639485 0.0014486737405080793 7.074023882963305e-05
4.1638339112045575 0.0083276678224089 0.001521564966869218 8.032092521642175e-05
4.180522624275517 0.0083610452485514 0.0014622834051999 7.60514008477512e-05
4.197278225976021 0.008394556451952 0.001481769963305509 7.558835467448696e-05
4.214100984396767 0.0084282019687935 0.0014181674612067268 6.85646459692075e-05
4.230991168702966 0.0084619823374061 0.001469332879240229 7.588000876367204e-05
4.247949049138649 0.008495898098277 0.0014926103542116315 8.081936694040014e-05
4.264974897030989 0.0085299497940618 0.0014886589595395974 7.897585588225397e-05
4.282068984794639 0.0085641379695893 0.0015185426683442577 7.320312121885285e-05
4.2992315859361 0.008598463171872 0.0014014968984817943 8.551489490073106e-05
4.316462975058089 0.0086329259501161 0.0014863410711369821 7.337912915589924e-05
4.333763427863933 0.0086675268557279 0.001502474734677361 7.782074162692972e-05
4.3511332211619855 0.0087022664423241 0.0013995117958887915 7.945715933895067e-05
4.36857263287005 0.0087371452657403 0.0015358900238088532 7.969146400027029e-05
4.38608194201983 0.0087721638840396 0.0014959889251104164 7.84571458006943e-05
4.403661428761392 0.0088073228575225 0.0015017302701590505 9.138257731535684e-05
4.42131137436765 0.0088426227487357 0.0016351451410856568 8.761882301271789e-05
4.439032061238864 0.0088780641224777 0.001549708824669343 8.897371642666517e-05
4.456823772907155 0.008913647545814 0.001442577939794094 8.75879393051576e-05
4.474686794041052 0.0089493735880821 0.0015329770864174449 8.337942909455282e-05
4.492621410450033 0.0089852428208998 0.0016138958363845924 9.766694493622708e-05
4.510627909089111 0.0090212558181783 0.001412518791279818 8.418975222043864e-05
4.528706578063417 0.0090574131561269 0.0014432576369166285 8.893858504539754e-05
4.546857706632809 0.0090937154132655 0.0014280502495600908 9.165881235631492e-05
4.565081585216507 0.009130163170433 0.001280237434548661 9.001848527684657e-05
4.583378505397736 0.0091667570107953 0.0015577579230982616 9.50082478674186e-05
4.601748759928388 0.0092034975198567 0.001630141156271036 9.733714822884443e-05
4.620192642733713 0.0092403852854676 0.0016539737027704922 9.490862133333688e-05
4.6387104489170135 0.0092774208978334 0.0015530267860146842 9.728340589250936e-05
4.657302474764376 0.0093146049495285 0.0015279536782143283 9.319645448813855e-05
4.675969017749404 0.0093519380354991 0.001446084726510695 8.97846605406626e-05
4.694710376537978 0.009389420753076 0.001361368693909486 9.659364024460523e-05
4.713526850993041 0.009427053701986 0.0014532700237200006 0.00010092608522179544
4.7324187421793855 0.0094648374843591 0.0015428552791739568 9.661466270688532e-05
4.751386352368482 0.0095027727047369 0.0014136653915240625 9.663590325400618e-05
4.770429985043306 0.0095408599700865 0.0012874569244170086 9.705859086821408e-05
4.789549944903198 0.0095790998898062 0.0014068143525808473 9.958268238685944e-05
4.808746537868742 0.0096174930757371 0.0015805618992984522 9.912561476196925e-05
4.828020071086652 0.0096560401421732 0.0014430793143963491 9.761267354978338e-05
4.847370852934695 0.0096947417058692 0.0014412011054703564 0.0001032911425559312
4.866799193026617 0.0097335983860533 0.0014488201762096035 9.95275517367304e-05
4.886305402217106 0.0097726108044349 0.0015461332009162694 0.00010210913560691348
4.905889792606754 0.0098117795852132 0.0014850023557575398 0.00010840252226961693
4.925552677547062 0.0098511053550947 0.0013467332109875258 0.0001023683975401419
4.945294371645447 0.0098905887432905 0.0013435054935481332 9.939940339493139e-05
4.965115190770278 0.0099302303815402 0.001359090203460648 0.00011040496061985768
4.985015452055929 0.0099700309041117 0.0015402336141781409 0.00010521191215367985
5.004995473907858 0.0100099909478159 0.0013867559443040752 0.00011213331334014499
5.025055576007689 0.0100501111520152 0.001385307715021631 0.00011026941949507852
5.045196079318341 0.0100903921586366 0.0016437123745772508 0.00011543248547429179
5.065417306089156 0.0101308346121782 0.0014288463607490226 0.00011561121434897199
5.085719579861056 0.0101714391597225 0.001566535104773607 0.00011620565559308815
5.106103225471722 0.0102122064509435 0.001383811297884209 0.00011140482648837107
5.126568569060787 0.0102531371381213 0.0012014253941253338 0.00010628991678807436
5.147115938075059 0.0102942318761498 0.0014739036360594264 0.00011227515565406408
5.167745661273756 0.0103354913225475 0.0014671398942365315 0.00014407764513401093
