2.712738389597497 0.005425476779195 0.001520675074029081 0.0005945697142683324
2.7236110885538 0.0054472221771075 0.0019918675678746926 0.00038459642433951287
2.7345273654618314 0.0054690547309237 0.001419050592707489 0.0002538200673378865
2.74548739498272 0.0054909747899654 0.0015838670817216291 0.00018439468439397072
2.756491352477641 0.0055129827049551 0.0013363543776013919 0.00013183519264861759
2.767539414010617 0.0055350788280212 0.0014902312082907523 0.0001014146292138062
2.7786317563513414 0.0055572635127028 0.0016783204279406559 9.337026529761649e-05
2.789768556978 0.0055795371139559 0.0014375733177795797 8.393171863649839e-05
2.800949994080116 0.0056018999881601 0.0014241873995501145 7.350033936574903e-05
2.8121762465614 0.0056243524931229 0.00150383225304771 7.119616022941066e-05
2.8234474940426075 0.005646894988085 0.0014882256852126255 6.73208481713735e-05
2.8347639168644214 0.0056695278337288 0.0016753797902847574 6.529750171907973e-05
2.846125696090331 0.0056922513921808 0.0015600941372847581 5.7331030358443275e-05
2.8575330135095305 0.0057150660270186 0.001540280061046357 5.708017073483285e-05
2.868986051639829 0.0057379721032797 0.0015408382333260524 5.9946262863464135e-05
2.88048499373057 0.005760969987461 0.0014138114466894342 5.3685441843712014e-05
2.892030023765562 0.0057840600475309 0.0013853737260773242 5.4181451653923146e-05
2.903621326466025 0.0058072426529323 0.0014783042608332026 5.6536057247977784e-05
2.9152590872935447 0.0058305181745872 0.0014598160124001955 5.264828373487544e-05
2.926943492453038 0.005853886984906 0.0014097434977316558 5.133819272530638e-05
2.938674728895736 0.0058773494577915 0.0014694399606011031 5.353876663186274e-05
2.950452984322172 0.0059009059686445 0.0015205261004101697 5.696749209553097e-05
2.962278447185186 0.0059245568943702 0.0015039021311605244 5.007724615959385e-05
2.974151306692942 0.0059483026133857 0.0015000834178888263 5.386624878766615e-05
2.9860717528119523 0.0059721435056239 0.0015589903555053653 5.369920497555325e-05
2.998039976270116 0.0059960799525402 0.0015186601978758095 5.3284064367831025e-05
3.0100561685597764 0.0060201123371197 0.001575268386140088 5.325644696378798e-05
3.022120521940778 0.0060442410438819 0.0013801263275153997 5.186035112677758e-05
3.034233229443547 0.006068466458887 0.001575675555635036 5.236010434058164e-05
3.0463944848721782 0.0060927889697441 0.0014989890038248396 5.088336522740735e-05
3.058604482807538 0.0061172089656154 0.00150184988301873 5.1730205886341065e-05
3.0708634186103736 0.0061417268372205 0.0015042250009577303 5.295261555984735e-05
3.083171488424443 0.0061663429768492 0.0015289039010593318 5.036797541328911e-05
3.095528889179652 0.0061910577783592 0.001524570216521804 5.304251004727171e-05
3.1079358185952017 0.0062158716371902 0.0015602980470256025 4.9507144106786785e-05
3.120392475182758 0.0062407849503658 0.0014111353339160092 5.289023912565646e-05
3.132899058249623 0.0062657981164992 0.0015055332846030175 5.126748847816893e-05
3.145455767901926 0.0062909115358038 0.001410941858567207 5.100786465046346e-05
3.158062805047825 0.0063161256100956 0.0014025804382427971 5.160111363768297e-05
3.170720371400723 0.0063414407428015 0.0014300173469204169 5.163119630531136e-05
3.183428669482489 0.006366857338965 0.001463101747646541 4.988363019968999e-05
3.196187902626708 0.0063923758052533 0.0014799549409259712 5.017501179848959e-05
3.2089982749819246 0.0064179965499637 0.0014528889099181396 5.040785796390284e-05
3.2218599915149184 0.0064437199830298 0.001417285694095759 4.848260002139003e-05
3.234773258013976 0.006469546516028 0.0015423590721521435 5.2243988446512446e-05
3.2477382810921887 0.0064954765621845 0.0014731854360022693 5.227762269009551e-05
3.2607552681907546 0.0065215105363816 0.0015132741713689544 5.223346545245694e-05
3.2738244275823005 0.0065476488551643 0.0014316873594150427 4.929786852985286e-05
3.286945968374214 0.0065738919367486 0.0015122793068207715 5.018114063956238e-05
3.300120100511986 0.0066002402010238 0.0015304968696720994 5.0121478476727806e-05
3.313347034782576 0.0066266940695651 0.0014795325090839482 4.806512177493227e-05
3.326626982817776 0.0066532539656356 0.0014816431794445418 5.402550241682612e-05
3.339960157097607 0.0066799203141951 0.0014744419966312048 4.962409300644608e-05
3.353346770953709 0.0067066935419073 0.0014428574048426163 4.579538337297637e-05
3.3667870385727623 0.0067335740771456 0.0015157479853411715 4.765685073002948e-05
3.380281174999908 0.0067605623499999 0.0014930984352202249 4.696475593849738e-05
3.393829396142192 0.0067876587922841 0.0014446413164600224 5.236761366557224e-05
3.407431918772021 0.006814863837544 0.001489069108154929 4.8560727501736095e-05
3.421088960530626 0.0068421779210612 0.0014492993560453016 4.848100950278856e-05
3.4348007399315503 0.0068696014798632 0.0014135766341770077 5.189205037907635e-05
3.448567476364142 0.0068971349527284 0.001401973782776862 4.9902947134342415e-05
3.4623893900970644 0.0069247787801938 0.0013972625405293372 4.964940286337229e-05
3.476266702281822 0.0069525334045639 0.0015038755660849524 4.964301257309363e-05
3.4901996349562987 0.0069803992699128 0.001520088801074551 5.063004889665841e-05
3.5041884110483084 0.0070083768220963 0.0014906406448995885 5.2615612301762024e-05
3.5182332543791626 0.0070364665087583 0.0014222975120820683 5.107672648721816e-05
3.5323343896672554 0.0070646687793343 0.0014737696880112448 5.201517207819343e-05
3.546492042531653 0.0070929840850633 0.0014345256266053705 4.7535106923040684e-05
3.560706439495708 0.0071214128789913 0.0015048940727325395 5.2226709918365235e-05
3.5749778079906807 0.0071499556159815 0.0015104769029854889 5.012001784942381e-05
3.589306376359381 0.0071786127527189 0.001351007312086026 4.5314241809344365e-05
3.603692373859819 0.0072073847477194 0.001478226511561714 4.974460635287974e-05
3.618136030668877 0.0072362720613377 0.0014516724672973054 4.688187429662184e-05
3.632637577885986 0.0072652751557718 0.0014786411072617183 4.892920177269709e-05
3.6471972475368313 0.0072943944950736 0.0014872499673780131 5.1439692702712e-05
3.661815272577059 0.0073236305451538 0.001443128644789696 4.591919386941248e-05
3.676491886896005 0.007352983773792 0.0014387908831078628 5.1870844354039625e-05
3.6912273253204377 0.0073824546506411 0.0014421137999205472 5.0444829319588765e-05
3.706021823618316 0.0074120436472369 0.001456158818421149 5.269103290280099e-05
