2.712738389597497 0.002712738389597513 0.0017584935855742387 0.00044275399701740797
2.7236110885538 0.00272361108855379 0.001873429926162918 0.0002825080375479339
2.7345273654618314 0.0027345273654618696 0.0014363191556437634 0.00020625289294072606
2.74548739498272 0.002745487394982704 0.0015487695422572903 0.0001542137981474778
2.756491352477641 0.0027564913524775743 0.001596530879865856 0.0001279994746650571
2.7675394140106166 0.002767539414010644 0.0015647518485168328 9.703279968440817e-05
2.7786317563513414 0.002778631756351402 0.0015422328247398092 8.448338227906609e-05
2.789768556978 0.0027897685569779895 0.0014816242267641983 7.790244591816033e-05
2.800949994080116 0.0028009499940800926 0.0015190664065991707 6.858478150000136e-05
2.8121762465614 0.002812176246561493 0.0014156257507632495 6.874704911407751e-05
2.8234474940426075 0.002823447494042508 0.0014106204427010987 5.891631341726266e-05
2.8347639168644214 0.0028347639168644356 0.0015472971361426343 5.7735155711199985e-05
2.846125696090331 0.0028461256960903287 0.0015750552686081176 5.658257112346216e-05
2.8575330135095305 0.002857533013509439 0.0014571072595255027 5.1213613077449524e-05
2.868986051639829 0.002868986051639877 0.0013961341044451347 5.1079532209236605e-05
2.8804849937305694 0.0028804849937305037 0.0014853736178847118 5.066701082198768e-05
2.892030023765562 0.0028920300237655905 0.0014042727293098153 5.242478604575263e-05
2.9036213264660247 0.002903621326466044 0.0014831785065119254 5.301587130490951e-05
2.9152590872935447 0.00291525908729362 0.0015043161441873698 5.402907467639464e-05
2.9269434924530375 0.002926943492453038 0.001388689087150904 4.861007652811605e-05
2.9386747288957356 0.0029386747288957515 0.001490532447545375 4.723438280978616e-05
2.950452984322172 0.0029504529843221716 0.0014393375711733644 5.2758950751872574e-05
2.962278447185186 0.002962278447185218 0.001472965086052176 4.52342349850251e-05
2.974151306692942 0.002974151306692874 0.0015543449445849272 4.6780737657123924e-05
2.986071752811952 0.0029860717528119585 0.001467925027645394 4.323822961306685e-05
2.998039976270116 0.002998039976270128 0.0014717698697065851 4.4393735669217114e-05
3.0100561685597764 0.0030100561685598715 0.0014939942898624682 4.485034367810291e-05
3.0221205219407774 0.003022120521940841 0.0014057140748809308 4.8185554391606326e-05
3.0342332294435463 0.003034233229443628 0.0014662463616716384 4.321970186718738e-05
3.0463944848721782 0.003046394484872206 0.0014554743155748308 4.3381270993119075e-05
3.0586044828075374 0.003058604482807592 0.0014441955933342339 4.057717205626626e-05
3.070863418610374 0.003070863418610404 0.0014779714275718935 4.557367580069769e-05
3.083171488424444 0.0030831714884245183 0.001525042511668259 4.471581961167034e-05
3.095528889179652 0.003095528889179633 0.0014494943115222212 4.2771166529166e-05
3.1079358185952017 0.0031079358185952533 0.0014819154825104403 4.496889134791973e-05
3.1203924751827574 0.0031203924751828094 0.0014800413720292484 4.234996847288564e-05
3.132899058249623 0.0031328990582496496 0.0014540586391398 5.266057795465956e-05
3.145455767901926 0.003145455767901928 0.0013253496967544675 4.0733544557354746e-05
3.158062805047825 0.0031580628050478232 0.0013821224307757809 3.9846112473548234e-05
3.170720371400723 0.0031707203714007592 0.001409338670812829 4.0984249904037066e-05
3.1834286694824887 0.0031834286694825127 0.0014350357878249963 4.4517131253891755e-05
3.196187902626708 0.0031961879026266567 0.0014432236937590257 4.240857888689879e-05
3.2089982749819246 0.0032089982749818886 0.0013441391802331986 4.2090688970807053e-05
3.2218599915149184 0.0032218599915149197 0.0014564381167558127 4.5846459190183674e-05
3.234773258013976 0.003234773258014023 0.0014870449197214753 4.5875191690151386e-05
3.2477382810921887 0.0032477382810922606 0.001398902704556692 4.061447360448447e-05
3.2607552681907546 0.003260755268190807 0.0014767858025037167 4.0701358047132526e-05
3.273824427582301 0.0032738244275822836 0.0014161439553935767 3.7953436781594705e-05
3.2869459683742135 0.0032869459683742 0.0014386890942830611 3.926399956408817e-05
3.300120100511986 0.0033001201005119496 0.0014392878518299111 4.05804513498925e-05
3.3133470347825758 0.003313347034782588 0.0014290343405054227 4.0602763383598646e-05
3.326626982817776 0.0033266269828178263 0.0014523551641814623 4.218577080700075e-05
3.339960157097607 0.003339960157097588 0.0014868206742414875 4.346001540328457e-05
3.353346770953709 0.0033533467709536686 0.0014411340848206938 4.0674889750800974e-05
3.3667870385727623 0.0033667870385728493 0.0014747636244669888 3.9831673130547645e-05
3.380281174999908 0.0033802811749998884 0.0014895894034467445 4.255888459631124e-05
3.393829396142192 0.003393829396142189 0.0014257536394316171 3.868513945358872e-05
3.4074319187720206 0.0034074319187720192 0.0014499726052091867 4.008652318445383e-05
3.4210889605306254 0.003421088960530616 0.0014337103245791755 3.996153370890717e-05
3.4348007399315503 0.0034348007399316316 0.0013689507830143312 3.912104200185999e-05
3.448567476364142 0.0034485674763642398 0.001382724564657891 4.001527477267608e-05
3.462389390097065 0.0034623893900970204 0.0014122645631384195 4.163651120015093e-05
3.4762667022818223 0.003476266702281849 0.0013952484001016185 3.9567563845179344e-05
3.4901996349562987 0.003490199634956337 0.0014579301799616676 4.101914895401833e-05
3.504188411048308 0.00350418841104827 0.0014754874554261616 4.150861537142504e-05
3.5182332543791626 0.003518233254379166 0.0013856007473224598 3.923346459450479e-05
3.5323343896672554 0.0035323343896671577 0.0014588932887777614 4.2813906167688397e-05
3.5464920425316526 0.0035464920425316566 0.0014328339011412917 4.1123243948067454e-05
3.560706439495708 0.0035607064394956862 0.001425562290113611 4.148125404608085e-05
3.5749778079906807 0.0035749778079907646 0.001450567036737938 4.1469041444536366e-05
3.5893063763593807 0.003589306376359347 0.0014097712758403525 3.797136986629982e-05
3.603692373859819 0.0036036923738598232 0.0014415800400681667 3.7943173826444516e-05
3.618136030668877 0.0036181360306688495 0.0014104912479439712 4.149538491957555e-05
3.6326375778859856 0.003632637577885899 0.001437633468260377 4.1039640907934794e-05
3.6471972475368313 0.0036471972475368153 0.0014721737774793136 3.891161343216923e-05
3.6618152725770594 0.0036618152725770288 0.001468493703362115 4.126716358175422e-05
3.6764918868960046 0.0036764918868960046 0.0014573315106572835 4.312161744211462e-05
3.691227325320438 0.003691227325320456 0.0014249191393246867 4.3072939721225446e-05
3.706021823618316 0.003706021823618344 0.001414838049517766 4.183501481771692e-05