wvl(micron) wvl_fullwidth(micron) depths depths_err_down depths_err_up
2.712738389597497246e+00 5.425476779195026467e-03 1.758493585574238700e-03 4.223452680617100050e-04 4.631627259731059391e-04
2.723611088553799853e+00 5.447222177107580166e-03 1.873429926162918082e-03 2.792945322203292495e-04 2.857215428755385876e-04
2.734527365461831394e+00 5.469054730923739172e-03 1.436319155643763423e-03 2.030398579844417317e-04 2.094659278970103546e-04
2.745487394982720097e+00 5.490974789965408220e-03 1.548769542257290256e-03 1.529519578327153708e-04 1.554756384622402415e-04
2.756491352477640877e+00 5.512982704955149416e-03 1.596530879865856040e-03 1.269947751616405890e-04 1.290041741684736160e-04
2.767539414010617094e+00 5.535078828021289254e-03 1.564751848516832827e-03 9.612572164397731431e-05 9.793987772483904355e-05
2.778631756351341409e+00 5.557263512702803609e-03 1.542232824739809367e-03 8.219124048355716690e-05 8.677552407457503228e-05
2.789768556978000191e+00 5.579537113955979066e-03 1.481624226764198310e-03 7.673568600496548289e-05 7.906920583135519968e-05
2.800949994080116134e+00 5.601899988160186084e-03 1.519066406599170688e-03 6.779090038331674571e-05 6.937866261668596565e-05
2.812176246561399751e+00 5.624352493122986019e-03 1.415625750763249745e-03 6.405681491799775854e-05 7.343728331015727086e-05
2.823447494042607531e+00 5.646894988085016109e-03 1.410620442701098669e-03 5.764675089602656107e-05 6.018587593849875056e-05
2.834763916864421418e+00 5.669527833728871258e-03 1.547297136142634271e-03 5.769506075752135803e-05 5.777525066487860562e-05
2.846125696090330948e+00 5.692251392180658343e-03 1.575055268608117637e-03 5.630721168146061707e-05 5.685793056546369686e-05
2.857533013509530484e+00 5.715066027018878003e-03 1.457107259525502671e-03 5.013528435858381944e-05 5.229194179631524225e-05
2.868986051639828894e+00 5.737972103279753711e-03 1.396134104445134663e-03 5.183754096374100485e-05 5.032152345473221152e-05
2.880484993730569876e+00 5.760969987461006525e-03 1.485373617884711830e-03 5.031553586547103717e-05 5.101848577850432787e-05
2.892030023765562063e+00 5.784060047531180970e-03 1.404272729309815259e-03 5.066175741172744101e-05 5.418781467977781618e-05
2.903621326466025110e+00 5.807242652932087523e-03 1.483178506511925428e-03 5.200300266667896734e-05 5.402873994314005655e-05
2.915259087293544660e+00 5.830518174587240310e-03 1.504316144187369843e-03 5.140486226812372830e-05 5.665328708466555054e-05
2.926943492453037976e+00 5.853886984906075952e-03 1.388689087150903924e-03 4.804854292233164944e-05 4.917161013390045500e-05
2.938674728895735555e+00 5.877349457791503085e-03 1.490532447545375033e-03 4.697949661817731867e-05 4.748926900139500366e-05
2.950452984322171623e+00 5.900905968644343247e-03 1.439337571173364416e-03 5.011330987805745821e-05 5.540459162568767658e-05
2.962278447185186181e+00 5.924556894370436311e-03 1.472965086052176143e-03 4.509849254692090029e-05 4.536997742312930305e-05
2.974151306692942143e+00 5.948302613385747506e-03 1.554344944584927241e-03 4.489080216812353717e-05 4.867067314612430413e-05
2.986071752811952251e+00 5.972143505623916937e-03 1.467925027645393919e-03 4.266208224317842606e-05 4.381437698295526670e-05
2.998039976270116203e+00 5.996079952540256386e-03 1.471769869706585120e-03 4.360080898317049447e-05 4.518666235526373943e-05
3.010056168559776424e+00 6.020112337119742918e-03 1.493994289862468237e-03 4.349093246211084020e-05 4.620975489409498562e-05
3.022120521940777849e+00 6.044241043881681819e-03 1.405714074880930848e-03 4.793218999028493960e-05 4.843891879292772562e-05
3.034233229443546342e+00 6.068466458887256110e-03 1.466246361671638427e-03 4.241816563591633193e-05 4.402123809845845441e-05
3.046394484872178232e+00 6.092788969744411531e-03 1.455474315574830811e-03 4.246568024882689323e-05 4.429686173741126392e-05
3.058604482807537828e+00 6.117208965615184013e-03 1.444195593334233856e-03 3.985777325277773439e-05 4.129657085975479758e-05
3.070863418610374040e+00 6.141726837220806701e-03 1.477971427571893488e-03 4.445056967614523545e-05 4.669678192525012909e-05
3.083171488424443663e+00 6.166342976849037427e-03 1.525042511668259085e-03 4.305481849012497187e-05 4.637682073321571484e-05
3.095528889179651966e+00 6.191057778359265740e-03 1.449494311522221170e-03 4.178465090902120678e-05 4.375768214931079404e-05
3.107935818595201738e+00 6.215871637190506505e-03 1.481915482510440338e-03 4.446622419889232497e-05 4.547155849694714075e-05
3.120392475182757863e+00 6.240784950365618755e-03 1.480041372029248419e-03 4.142840295615146873e-05 4.327153398961980807e-05
3.132899058249623003e+00 6.265798116499299297e-03 1.454058639139800156e-03 4.700943998006350104e-05 5.831171592925562852e-05
3.145455767901926158e+00 6.290911535803855870e-03 1.325349696754467461e-03 4.023406958153529812e-05 4.123301953317419423e-05
3.158062805047825439e+00 6.316125610095646437e-03 1.382122430775780883e-03 3.932230144852221166e-05 4.036992349857426954e-05
3.170720371400722826e+00 6.341440742801518482e-03 1.409338670812828893e-03 4.028879759997937407e-05 4.167970220809475042e-05
3.183428669482489148e+00 6.366857338965026258e-03 1.435035787824996516e-03 4.309605341566838171e-05 4.593820909211513592e-05
3.196187902626707711e+00 6.392375805253314169e-03 1.443223693759025693e-03 4.206553047637653480e-05 4.275162729742104330e-05
3.208998274981924581e+00 6.417996549963778108e-03 1.344139180233198646e-03 4.101174376079931133e-05 4.316963418081478884e-05
3.221859991514918420e+00 6.443719983029838616e-03 1.456438116755812921e-03 4.556322307466307507e-05 4.612969530570427322e-05
3.234773258013976083e+00 6.469546516028046312e-03 1.487044919721475277e-03 4.392422785325236719e-05 4.782615552705039819e-05
3.247738281092188650e+00 6.495476562184521185e-03 1.398902704556691896e-03 4.063146603318889134e-05 4.059748117578005180e-05
3.260755268190754563e+00 6.521510536381613932e-03 1.476785802503716681e-03 4.064715460582763736e-05 4.075556148843740862e-05
3.273824427582300967e+00 6.547648855164567294e-03 1.416143955393576667e-03 3.740461550062262685e-05 3.850225806256677720e-05
3.286945968374213933e+00 6.573891936748399445e-03 1.438689094283061333e-03 3.903001505942406912e-05 3.949798406875227165e-05
3.300120100511986010e+00 6.600240201023899189e-03 1.439287851829911110e-03 3.918255122896649635e-05 4.197835147081850382e-05
3.313347034782575307e+00 6.626694069565175482e-03 1.429034340505422936e-03 4.021720471760836888e-05 4.098832204958892937e-05
3.326626982817776135e+00 6.653253965635652634e-03 1.452355164181462271e-03 4.188682131085257824e-05 4.248472030314892243e-05
3.339960157097606963e+00 6.679920314195175735e-03 1.486820674241487537e-03 4.261874290255334195e-05 4.430128790401580802e-05
3.353346770953709477e+00 6.706693541907338130e-03 1.441134084820693819e-03 3.988348201473223669e-05 4.146629748686971154e-05
3.366787038572762292e+00 6.733574077145698666e-03 1.474763624466988998e-03 3.878834108793599404e-05 4.087500517315928201e-05
3.380281174999907989e+00 6.760562349999776899e-03 1.489589403446744476e-03 4.245223402099878657e-05 4.266553517162369050e-05
3.393829396142192145e+00 6.787658792284378961e-03 1.425753639431617120e-03 3.806082914102765777e-05 3.930944976614977871e-05
3.407431918772020563e+00 6.814863837544038461e-03 1.449972605209186695e-03 3.884347890851423218e-05 4.132956746039342981e-05
3.421088960530625833e+00 6.842177921061232126e-03 1.433710324579175535e-03 3.940306334872885932e-05 4.052000406908548704e-05
3.434800739931550329e+00 6.869601479863263194e-03 1.368950783014331396e-03 3.819980059261546111e-05 4.004228341110453525e-05
3.448567476364142070e+00 6.897134952728478652e-03 1.382724564657891080e-03 3.941042166072652119e-05 4.062012788462563974e-05
3.462389390097064812e+00 6.924778780194040806e-03 1.412264563138419457e-03 4.025385227363373575e-05 4.301917012666813363e-05
3.476266702281822329e+00 6.952533404563698838e-03 1.395248400101618477e-03 3.925663780871405161e-05 3.987848988164464237e-05
3.490199634956298702e+00 6.980399269912673788e-03 1.457930179961667606e-03 3.966610219701367177e-05 4.237219571102299019e-05
3.504188411048307916e+00 7.008376822096540337e-03 1.475487455426161779e-03 4.091587395297623537e-05 4.210135678987382508e-05
3.518233254379162567e+00 7.036466508758332239e-03 1.385600747322459844e-03 3.871826712033104683e-05 3.974866206867852623e-05
3.532334389667255437e+00 7.064668779334315474e-03 1.458893288777761421e-03 4.151909072350459595e-05 4.410872161187219043e-05
3.546492042531653066e+00 7.092984085063314126e-03 1.432833901141291688e-03 3.953290614440922956e-05 4.271358175172569973e-05
3.560706439495707976e+00 7.121412878991373319e-03 1.425562290113611096e-03 4.090050975461345726e-05 4.206199833754825309e-05
3.574977807990680656e+00 7.149955615981529178e-03 1.450567036737938041e-03 4.010942864319895013e-05 4.282865424587378262e-05
3.589306376359380657e+00 7.178612752718693812e-03 1.409771275840352497e-03 3.715073824764266618e-05 3.879200148495697069e-05
3.603692373859819220e+00 7.207384747719647322e-03 1.441580040068166698e-03 3.756697361932150974e-05 3.831937403356751586e-05
3.618136030668876568e+00 7.236272061337700734e-03 1.410491247943971172e-03 4.146319883205817138e-05 4.152757100709293122e-05
3.632637577885986069e+00 7.265275155771799831e-03 1.437633468260377315e-03 4.067234830992581633e-05 4.140693350594376560e-05
3.647197247536831277e+00 7.294394495073630580e-03 1.472173777479313583e-03 3.817615825747726089e-05 3.964706860686118781e-05
3.661815272577059410e+00 7.323630545154058424e-03 1.468493703362115047e-03 4.035465239553499476e-05 4.217967476797343399e-05
3.676491886896005035e+00 7.352983773792010069e-03 1.457331510657283464e-03 4.217578536293429463e-05 4.406744952129494668e-05
3.691227325320438180e+00 7.382454650640912774e-03 1.424919139324686956e-03 4.191065597310245999e-05 4.423522346934844639e-05
3.706021823618315558e+00 7.412043647236687960e-03 1.414838049517766049e-03 4.128500692237508968e-05 4.238502271305875067e-05