2.762926619342213 0.003438000000000052 0.022255678224167377 0.00030650639704688084
2.769715119324037 0.003438000000000052 0.02196932329901189 0.0002686023602804758
2.7765033565971162 0.00343799999999983 0.02249129212900079 0.00023956044650276875
2.7833501600084984 0.003438000000000052 0.022437368277708272 0.00025346914079701455
2.7904772664866844 0.003438000000000052 0.022221453912970025 0.00020208839127827972
2.797604071059503 0.003438000000000052 0.02243183858719516 0.00020247420441327628
2.8043912206839403 0.003438000000000052 0.022274353742855732 0.00020160559781647248
2.8111780901860417 0.00343799999999983 0.021923107008135264 0.0001830167720402057
2.8179646762312265 0.003438000000000052 0.022170175635106603 0.00016812127891470307
2.82475097550672 0.003438000000000052 0.022310836677174886 0.00017832424117525687
2.8315369847214455 0.003438000000000052 0.022213323038059146 0.00015963286788166114
2.838322700605879 0.00343799999999983 0.022468345572493012 0.00016275485436456155
2.8455064338986236 0.003438000000000052 0.02214586232446641 0.00017761838284771934
2.8526308113058363 0.003438000000000052 0.0221597736701772 0.0001507266394285312
2.859415622082918 0.003438000000000052 0.022034501157185412 0.00015095226380433126
2.864504029536947 0.001719000000000026 0.022198532571473514 0.00019545500984220217
2.869592262436239 0.0033924999999999095 0.02222233704148852 0.00015995743571308843
2.8763763008605405 0.0033924999999999095 0.021988393055179627 0.0001388984406879752
2.88316002484724 0.0033925000000001315 0.022079257087534117 0.00018796475253549913
2.889943431286291 0.0033919999999998396 0.0221219629416252 0.0001386346369207052
2.8967265170880045 0.0033920000000000616 0.02212370125221783 0.00014714816783224568
2.903509279182923 0.0033914999999999917 0.022226378202659384 0.0001539907216318227
2.9103509877122935 0.0033914999999999917 0.022332717946441538 0.0001583304715144839
2.917133117522442 0.0033914999999999917 0.021684942969148437 0.0001540283380367324
2.9239149144801537 0.0033914999999999917 0.02180950122484032 0.00014194773892547462
2.930696375595694 0.003391000000000144 0.02181819172702894 0.00015832995004886124
2.9374774978988443 0.003390999999999922 0.021867819672822024 0.0001636742440911224
2.9442582784387517 0.003390999999999922 0.021821559099635592 0.00013624242001353297
2.951038714283774 0.003390500000000074 0.02193873668165533 0.00018476228048403912
2.957818802521375 0.003390500000000074 0.021989019255680788 0.00014105603451171502
2.9645985402579615 0.003390499999999852 0.021893894634632868 0.00014595373757993294
2.971377924618711 0.003390000000000004 0.021901626218543174 0.00013064223996347722
2.978216453884817 0.003390000000000004 0.021710559738926254 0.00012180190419547161
2.9849951466321123 0.003390000000000004 0.02143956025942979 0.0001561633488681877
2.9917734774362095 0.0033895000000001563 0.021695876553815444 0.00014174799666137584
2.998551443496333 0.0033894999999999342 0.02172155549102738 0.00013744533801482675
3.005329042029781 0.0033890000000000864 0.021939411469448115 0.00013314312976781754
3.0121062702718087 0.0033894999999999342 0.02179228144332515 0.00014100474924332574
3.01888312547543 0.0033885000000000165 0.021725319776166867 0.00016466619236204686
3.0256596049113105 0.0033889999999998643 0.021613216390169845 0.00013365606444157277
3.032435705867603 0.0033885000000000165 0.021568033716116226 0.00013028880156141812
3.039211425649823 0.0033880000000001687 0.021637332653208646 0.0001317140221656888
3.0459867615806715 0.0033884999999997945 0.02173036577931021 0.00013451580463518052
3.0528214575673447 0.0033880000000001687 0.021957775791646317 0.00014484491219526047
3.0595960409281107 0.0033874999999998767 0.021521473174425144 0.00012738533946699568
3.0663702324562614 0.0033875000000000988 0.021707045423253832 0.00013667838675563595
3.0731440295421324 0.0033874999999998767 0.02149802393753083 0.00032278691644252526
3.079917429592515 0.003387000000000029 0.02177204322603658 0.00012971743083813362
3.0866904300305262 0.003387000000000029 0.02170845351261523 0.00013027645583330502
3.093463028295444 0.003387000000000029 0.021734336428561575 0.00012783916914244778
3.1002352218425786 0.003386499999999959 0.021314186218022953 0.00013162647476381274
3.10700700814308 0.003386000000000111 0.021470910080783657 0.000128356654491092
3.113778384683845 0.003386499999999959 0.021538683666401263 0.00013253648861422145
3.120549348967342 0.003385999999999889 0.021723844222980456 0.00013610589027775085
3.1273198985114408 0.0033855000000000413 0.02135925018824823 0.00012540058115016408
3.1340900308493023 0.0033855000000000413 0.02147490575519391 0.00013474971173695627
3.140919774114928 0.0033855000000000413 0.021469122697209103 0.00013360178455210876
3.1476890871452046 0.0033849999999999714 0.02127671091914744 0.0001316215715852493
3.1544579756116082 0.0033849999999999714 0.021624671552371386 0.0001337342136378235
3.1612264371071586 0.0033845000000001235 0.021680626175677654 0.0001353483471971124
3.167994469239427 0.0033844999999999015 0.02151020504424486 0.00012407689172530507
3.1747620696303276 0.0033840000000000536 0.02191016536563319 0.00015403922243425392
3.1815292359159897 0.0033839999999998316 0.021277077189112193 0.00014358515134636329
3.1882959657466055 0.0033840000000000536 0.021268686740908708 0.00013254225102911945
3.1950622567862856 0.0033834999999999837 0.021322910856330955 0.000129713227621422
3.2018281067128953 0.003383000000000136 0.021639586527612897 0.00012568362746212793
3.2085935132179095 0.0033834999999999837 0.021356462059965917 0.00014124272053988812
3.215358474006261 0.003382499999999844 0.021635986236116376 0.00013306188278416043
3.222122986796183 0.003382500000000066 0.021350480434573826 0.0001300374477677774
3.2288870493190336 0.003382500000000066 0.021356598844113527 0.00014615910962200598
3.2353124901695853 0.003382500000000066 0.021332665412053586 0.0001310944712920616
3.241797867334962 0.0033814999999999262 0.021551575291955113 0.00013370482913339725
3.2485606331367416 0.003381999999999996 0.021503468262937187 0.00013941150380115768
3.25532293990394 0.0033814999999999262 0.021289812901863554 0.00012487890144632186
3.262084785430484 0.0033810000000000784 0.021439878888140345 0.00012384574336284733
3.268846167522483 0.0033810000000000784 0.02148678677592917 0.00012863218717387926
3.275607083998201 0.0033809999999998563 0.021242794123783503 0.00013365522023859978
3.28236753268777 0.0033805000000000085 0.021562583923531303 0.00013747838898936932
3.2891275114331453 0.0033799999999999386 0.02168690110095228 0.00014150091096928617
3.2962249815828573 0.0033800000000001607 0.021457237574501995 0.00013067628166184953
3.3033219275957384 0.0033799999999999386 0.021223226385726286 0.00013661888364841778
3.3100804359243936 0.0033795000000000908 0.021212688645508015 0.00012973748299956956
3.316838465580703 0.0033794999999998687 0.021766395322832685 0.00020431673370434762
3.3235960144642753 0.003379000000000021 0.021344960746449135 0.00013874345997981109
3.3303530804855566 0.003379000000000021 0.021299378081145178 0.00013929534007864236
3.3371096615656723 0.003378499999999951 0.021377970524759475 0.00013173705173027568
3.3438657556362763 0.003378499999999951 0.021438866073666886 0.00026824608083769074
3.3506213606393893 0.003378000000000103 0.021482183724405666 0.00013323074643848898
3.3573764745272454 0.003378000000000103 0.021291612991484618 0.00013841252418653576
3.3637933765879726 0.003377499999999811 0.021419281177502476 0.0001547235234396512
3.370270572205022 0.0033775000000000333 0.021518706846569466 0.0001398010821734497
3.3770242713669862 0.0033769999999999634 0.02119686892423702 0.00018201008612212105
3.3837774714853674 0.0033765000000001155 0.021315748473614806 0.00015221230161391802
3.390530170560508 0.0033769999999999634 0.0212639159285207 0.00012411219054427077
3.397282366601991 0.0033760000000000456 0.021661773712448967 0.0001383982555745689
3.4040340576286225 0.0033764999999998935 0.021415852077491363 0.0001410607832401806
3.4107852416680835 0.0033754999999999757 0.021368352677884648 0.00013606571109269256
3.4175359167569814 0.003375500000000198 0.021495876244810135 0.00013671346709701648
3.424286080940485 0.0033754999999999757 0.021506201053032203 0.00013430364291517922
3.431035732272347 0.003374999999999906 0.021447600120204066 0.00014722562070998676
3.4377848688146564 0.003374999999999906 0.021376686053473683 0.00013329189427000961
3.4445334886376564 0.003374500000000058 0.021323826781512817 0.00014093971437832388
3.451281589819651 0.003374500000000058 0.02112100923380036 0.00014236324861532768
3.4580291704468418 0.003373999999999988 0.021603610587679418 0.0001325903255976709
3.4647762286131343 0.0033734999999999182 0.021257865080533157 0.0001352267738426324
3.4715227624199985 0.0033735000000001403 0.021635581946513438 0.0001330896350947745
3.4782687699763115 0.0033734999999999182 0.0213606166815514 0.0001477942877951836
3.485014249398203 0.0033730000000000704 0.021353457725654477 0.00013518995898474347
3.491759198808896 0.0033725000000000005 0.021353228459028446 0.00014486207842106605
3.4985036163385512 0.0033725000000000005 0.021486530144051615 0.00014633683497147922
3.5052475001240975 0.0033725000000000005 0.02132909623350853 0.00015776630308334886
3.5119908483090736 0.0033714999999998607 0.021529401095241943 0.00015255929298275825
3.518733659043514 0.0033720000000001527 0.021233235548808765 0.00014266185300093406
3.5254759304837613 0.003371000000000013 0.02168417457346321 0.00014068877971961445
3.532217660792245 0.0033714999999998607 0.02143232851250437 0.00013865464710149478
3.538958848137444 0.003370500000000165 0.021352681028339707 0.000139103371429409
3.5456994906936656 0.003370499999999943 0.021582758424601223 0.00013763262319146536
3.552439586640837 0.003370499999999943 0.021256260342671068 0.00012913523452932462
3.559179134164481 0.003370000000000095 0.021253565581444464 0.00021430385416953434
3.5659794552424877 0.0033695000000000253 0.021423765024545363 0.00016982401888958708
3.5727179205484174 0.003369499999999803 0.021489450329983173 0.0001423604884512619
3.5794558319912944 0.0033695000000000253 0.021421727753160105 0.00014317662515311134
3.5861931877774507 0.0033685000000001075 0.02138415563522187 0.0002738286063178383
3.592929986117908 0.0033689999999999554 0.021369926045194384 0.00014019095379858623
3.5996662252282507 0.0033680000000000376 0.021758700096771083 0.00014576627125538282
3.6064019033284698 0.0033680000000000376 0.02107732222851671 0.00015100311109739385
3.6131370186428278 0.0033680000000000376 0.02146596992259635 0.0001490217516697311
3.6198715693996846 0.0033674999999999677 0.021506400987823242 0.0001628163602119745
3.626605553831343 0.003366999999999898 0.021169582082038698 0.0001352686460960723
3.6333389701738774 0.00336700000000012 0.021123782540333567 0.00014718485730367967
3.6400718166669863 0.003366499999999828 0.02104896818910598 0.00014168783351917896
3.6468040915538475 0.00336650000000005 0.020978759626279174 0.0001405956508385443
3.6535357930809527 0.00336599999999998 0.02106589834636775 0.00016606840036934383
3.6602669194979445 0.0033655000000001323 0.021146693315018134 0.00015478753265514005
3.666997469057449 0.0033654999999999102 0.021141673637403945 0.0001423831570181394
3.673727440014898 0.0033650000000000624 0.021123780637925225 0.00014383382283443696
3.6804568306285033 0.0033649999999998403 0.021129544686689962 0.0001511709289055965
3.6871856391589026 0.0033644999999999925 0.02123877601496503 0.0001419480596362196
3.693913863869147 0.0033640000000001447 0.02121222597615221 0.00014707625385574735
3.7006415030244932 0.0033639999999999226 0.02097484020955201 0.00014028355099531036
3.7073685548922457 0.0033635000000000748 0.021170095999544808 0.00015277785891281524
3.713422398011769 0.002606499999999956 0.021116955823319287 0.00016159957582404847
