iwave,wave,waveMin,waveMax,yval,yerrLow,yerrUpp,wlcLow,wlcUpp,ignore,referenceLink,instrname,reference,bandpass
0,0.6040642261505127,0.600984662771225,0.6071437895298004,409.0683014419746,207.72513204530512,485.24899054772254,0.0,0.0,0,none,NIRISS_SOSS,ExoTEP,uniform
1,0.6100308299064636,0.6071437895298004,0.6129178702831268,1353.6459380835897,536.5265791407978,600.1175839616386,0.0,0.0,0,none,NIRISS_SOSS,ExoTEP,uniform
2,0.6160271465778351,0.6129178702831268,0.6191364228725433,897.693886962405,451.0203010564069,536.0510562151658,0.0,0.0,0,none,NIRISS_SOSS,ExoTEP,uniform
3,0.622259795665741,0.6191364228725433,0.6253831684589386,840.905141065298,432.8317025770497,630.9018910853213,0.0,0.0,0,none,NIRISS_SOSS,ExoTEP,uniform
4,0.6285216510295868,0.6253831684589386,0.631660133600235,614.3590397442409,296.7595159739586,408.2786264107131,0.0,0.0,0,none,NIRISS_SOSS,ExoTEP,uniform
5,0.6348134577274323,0.631660133600235,0.6379667818546295,999.9800820930867,266.7282469699214,300.57504568861935,0.0,0.0,0,none,NIRISS_SOSS,ExoTEP,uniform
6,0.6411346793174744,0.6379667818546295,0.6443025767803192,569.7105082936534,202.21871220152437,250.37487274345176,0.0,0.0,0,none,NIRISS_SOSS,ExoTEP,uniform
7,0.64748415350914,0.6443025767803192,0.6506657302379608,923.0573626932046,227.08177989995352,237.36392193999654,0.0,0.0,0,none,NIRISS_SOSS,ExoTEP,uniform
8,0.65407395362854,0.6506657302379608,0.6574821770191193,892.5418688341191,217.5496344975588,216.36387095649908,0.0,0.0,0,none,NIRISS_SOSS,ExoTEP,uniform
9,0.6606915593147278,0.6574821770191193,0.6639009416103363,943.1858803478133,210.2488064027014,205.6885909908394,0.0,0.0,0,none,NIRISS_SOSS,ExoTEP,uniform
10,0.6671252846717834,0.6639009416103363,0.6703496277332306,1098.9463838202264,203.39594902508617,196.14313672235357,0.0,0.0,0,none,NIRISS_SOSS,ExoTEP,uniform
11,0.6738013327121735,0.6703496277332306,0.6772530376911163,431.9661165630793,154.33657815518842,202.23065656346245,0.0,0.0,0,none,NIRISS_SOSS,ExoTEP,uniform
12,0.6806123703718185,0.6772530376911163,0.6839717030525208,1049.2364635880622,200.44671156778594,203.69841525267168,0.0,0.0,0,none,NIRISS_SOSS,ExoTEP,uniform
13,0.6873442679643631,0.6839717030525208,0.6907168328762054,791.0446325152152,155.92839929965788,181.044437884472,0.0,0.0,0,none,NIRISS_SOSS,ExoTEP,uniform
14,0.6942126452922821,0.6907168328762054,0.6977084577083588,619.9410903753278,143.40831306195906,142.89558335083817,0.0,0.0,0,none,NIRISS_SOSS,ExoTEP,uniform
15,0.7012165784835815,0.6977084577083588,0.7047246992588043,675.00155602154,125.18583402647931,121.48378182376476,0.0,0.0,0,none,NIRISS_SOSS,ExoTEP,uniform
16,0.7082464396953583,0.7047246992588043,0.7117681801319122,690.6956976994566,136.56144038422212,141.85386741583517,0.0,0.0,0,none,NIRISS_SOSS,ExoTEP,uniform
17,0.715305507183075,0.7117681801319122,0.7188428342342377,654.7838301778118,150.63553091283643,144.75453983685094,0.0,0.0,0,none,NIRISS_SOSS,ExoTEP,uniform
18,0.722390741109848,0.7188428342342377,0.7259386479854584,499.23160032127225,121.58094282258568,125.43126703088184,0.0,0.0,0,none,NIRISS_SOSS,ExoTEP,uniform
19,0.7297232747077942,0.7259386479854584,0.73350790143013,839.779274236495,122.94133596849947,121.16093182277584,0.0,0.0,0,none,NIRISS_SOSS,ExoTEP,uniform
20,0.7370836138725281,0.73350790143013,0.7406593263149261,930.6274934247157,113.01752392345549,102.92548027850557,0.0,0.0,0,none,NIRISS_SOSS,ExoTEP,uniform
21,0.7443586140871048,0.7406593263149261,0.7480579018592834,935.298987726484,99.53985355039208,99.90135039593642,0.0,0.0,0,none,NIRISS_SOSS,ExoTEP,uniform
22,0.7517691999673843,0.7480579018592834,0.7554804980754852,877.578445388963,106.60746201907993,107.46288980354774,0.0,0.0,0,none,NIRISS_SOSS,ExoTEP,uniform
23,0.7593177556991577,0.7554804980754852,0.7631550133228302,796.1737994336669,120.54054968893408,115.2566347695126,0.0,0.0,0,none,NIRISS_SOSS,ExoTEP,uniform
24,0.7670071125030518,0.7631550133228302,0.7708592116832733,865.2025782231387,114.29828849284414,120.14522467501497,0.0,0.0,0,none,NIRISS_SOSS,ExoTEP,uniform
25,0.7747203409671783,0.7708592116832733,0.7785814702510834,1012.0768015426231,129.9642236753187,138.97343557507398,0.0,0.0,0,none,NIRISS_SOSS,ExoTEP,uniform
26,0.782457023859024,0.7785814702510834,0.7863325774669647,852.9911146372591,118.69298179390292,116.17747873775912,0.0,0.0,0,none,NIRISS_SOSS,ExoTEP,uniform
27,0.7902179956436157,0.7863325774669647,0.7941034138202667,776.0355287086825,109.5203457581246,115.9147218925424,0.0,0.0,0,none,NIRISS_SOSS,ExoTEP,uniform
28,0.798000693321228,0.7941034138202667,0.8018979728221893,852.6921693025297,118.45180433101025,122.76376807029396,0.0,0.0,0,none,NIRISS_SOSS,ExoTEP,uniform
29,0.8060395419597626,0.8018979728221893,0.8101811110973358,800.371128904419,119.05928525683876,131.20376488092973,0.0,0.0,0,none,NIRISS_SOSS,ExoTEP,uniform
30,0.8141010403633118,0.8101811110973358,0.8180209696292877,794.7727950306939,134.32277303976716,119.18403808892869,0.0,0.0,0,none,NIRISS_SOSS,ExoTEP,uniform
31,0.8221816122531891,0.8180209696292877,0.8263422548770905,909.4895529000546,128.73403100337762,123.59510415580993,0.0,0.0,0,none,NIRISS_SOSS,ExoTEP,uniform
32,0.8305155634880066,0.8263422548770905,0.8346888720989227,863.998060505889,121.60228154281697,130.92803526161913,0.0,0.0,0,none,NIRISS_SOSS,ExoTEP,uniform
33,0.8388751149177551,0.8346888720989227,0.8430613577365875,780.1125714289938,132.6478681072602,128.11661970183383,0.0,0.0,0,none,NIRISS_SOSS,ExoTEP,uniform
34,0.8472539186477661,0.8430613577365875,0.8514464795589447,908.1708105825996,136.93224638828673,139.92946437798432,0.0,0.0,0,none,NIRISS_SOSS,ExoTEP,uniform
35,0.8546795547008514,0.8502560555934906,0.8591030538082123,963.9468298204897,134.0220064831609,134.86911974814035,0.0,0.0,0,none,NIRISS_SOSS,ExoTEP,uniform
36,0.8630944788455963,0.8591030538082123,0.8670859038829803,646.0743972654078,144.9587452080844,146.31416376952583,0.0,0.0,0,none,NIRISS_SOSS,ExoTEP,uniform
37,0.8715322017669678,0.8670859038829803,0.8759784996509552,554.6994656580525,102.55242612469765,93.28483085496104,0.0,0.0,0,none,NIRISS_SOSS,ExoTEP,uniform
38,0.8804359436035156,0.8759784996509552,0.884893387556076,700.7534310271046,83.9198600439497,86.8613254901393,0.0,0.0,0,none,NIRISS_SOSS,ExoTEP,uniform
39,0.8893626034259796,0.884893387556076,0.8938318192958832,769.5340670788228,78.51954437087755,83.03224763047776,0.0,0.0,0,none,NIRISS_SOSS,ExoTEP,uniform
40,0.8983115553855896,0.8938318192958832,0.902791291475296,955.8892587139105,78.59839720367594,78.90305956291205,0.0,0.0,0,none,NIRISS_SOSS,ExoTEP,uniform
41,0.9072832763195038,0.902791291475296,0.9117752611637115,832.147459212255,77.26749027082852,79.04037345535187,0.0,0.0,0,none,NIRISS_SOSS,ExoTEP,uniform
42,0.9162766635417938,0.9117752611637115,0.920778065919876,880.6397444234184,73.11043417611208,70.42816071052265,0.0,0.0,0,none,NIRISS_SOSS,ExoTEP,uniform
43,0.9252890348434448,0.920778065919876,0.9298000037670135,840.1569715949271,73.94033774547994,76.14615101949198,0.0,0.0,0,none,NIRISS_SOSS,ExoTEP,uniform
44,0.934322714805603,0.9298000037670135,0.9388454258441924,791.3944944936909,67.4483682751873,72.42485958630222,0.0,0.0,0,none,NIRISS_SOSS,ExoTEP,uniform
45,0.9438341557979584,0.9388454258441924,0.9488228857517242,952.7195371150178,68.18997900677513,64.54163606116812,0.0,0.0,0,none,NIRISS_SOSS,ExoTEP,uniform
46,0.9533646404743196,0.9488228857517242,0.9579063951969148,767.0636156553896,75.50263329143056,68.4157974339252,0.0,0.0,0,none,NIRISS_SOSS,ExoTEP,uniform
47,0.962917059659958,0.9579063951969148,0.9679277241230012,838.8088016206949,58.425933517821626,63.74354579938197,0.0,0.0,0,none,NIRISS_SOSS,ExoTEP,uniform
48,0.9724915623664856,0.9679277241230012,0.97705540060997,757.5139034939282,64.00275902538506,66.59038790574475,0.0,0.0,0,none,NIRISS_SOSS,ExoTEP,uniform
49,0.98208886384964,0.97705540060997,0.9871223270893096,735.0345570545257,60.41324478534896,61.7991263189573,0.0,0.0,0,none,NIRISS_SOSS,ExoTEP,uniform
50,0.9921653270721436,0.9871223270893096,0.9972083270549774,737.3926188536511,57.19157808568747,58.41410755012611,0.0,0.0,0,none,NIRISS_SOSS,ExoTEP,uniform
51,1.0022599548101423,0.9972083270549774,1.0073115825653076,804.7726935461014,54.93416985977847,58.22390127649461,0.0,0.0,0,none,NIRISS_SOSS,ExoTEP,uniform
52,1.0123770833015442,1.0073115825653076,1.0174425840377808,749.8441545409496,57.82058281784181,60.954535586201615,0.0,0.0,0,none,NIRISS_SOSS,ExoTEP,uniform
53,1.0225176811218262,1.0174425840377808,1.0275927782058716,755.8789259121215,70.98432988242963,71.84206946490168,0.0,0.0,0,none,NIRISS_SOSS,ExoTEP,uniform
54,1.0326796174049377,1.0275927782058716,1.037766456604004,903.0384672757484,51.71196590850902,50.47170706265458,0.0,0.0,0,none,NIRISS_SOSS,ExoTEP,uniform
55,1.0428627729415894,1.037766456604004,1.0479590892791748,724.3857225192286,55.45256022818567,53.817509935294815,0.0,0.0,0,none,NIRISS_SOSS,ExoTEP,uniform
56,1.053063154220581,1.0479590892791748,1.0581672191619873,892.5427180451187,56.07382123373408,55.24029975201862,0.0,0.0,0,none,NIRISS_SOSS,ExoTEP,uniform
57,1.0637465715408325,1.0581672191619873,1.0693259239196777,758.0252558332369,49.85606333355375,49.02531376502297,0.0,0.0,0,none,NIRISS_SOSS,ExoTEP,uniform
58,1.0744524598121643,1.0693259239196777,1.0795789957046509,763.6961777775716,47.57219433647225,46.90719791763157,0.0,0.0,0,none,NIRISS_SOSS,ExoTEP,uniform
59,1.0851829051971436,1.0795789957046509,1.0907868146896362,800.4566302321923,44.81617430889134,46.72179602272608,0.0,0.0,0,none,NIRISS_SOSS,ExoTEP,uniform
60,1.095930576324463,1.0907868146896362,1.1010743379592896,752.7434985372479,51.84704196117735,49.952347836279195,0.0,0.0,0,none,NIRISS_SOSS,ExoTEP,uniform
61,1.106697857379913,1.1010743379592896,1.112321376800537,755.5243093928166,45.66037407219032,46.87898451669004,0.0,0.0,0,none,NIRISS_SOSS,ExoTEP,uniform
62,1.1179523468017578,1.112321376800537,1.1235833168029785,835.141139213619,46.33307424122448,45.22855581201664,0.0,0.0,0,none,NIRISS_SOSS,ExoTEP,uniform
63,1.1292282938957214,1.1235833168029785,1.1348732709884644,793.388050350145,47.520500887716906,46.53656673383629,0.0,0.0,0,none,NIRISS_SOSS,ExoTEP,uniform
64,1.1405248045921326,1.1348732709884644,1.1461763381958008,741.8294921634846,60.79066080330047,63.345676926271636,0.0,0.0,0,none,NIRISS_SOSS,ExoTEP,uniform
65,1.15183824300766,1.1461763381958008,1.157500147819519,890.2726481932086,45.2381288543376,42.745678021301046,0.0,0.0,0,none,NIRISS_SOSS,ExoTEP,uniform
66,1.1631705164909363,1.157500147819519,1.1688408851623535,752.7101334017907,49.45404647218649,48.462473603253386,0.0,0.0,0,none,NIRISS_SOSS,ExoTEP,uniform
67,1.1749958992004395,1.1688408851623535,1.1811509132385254,771.4166483358614,41.57916197378367,42.15443341810653,0.0,0.0,0,none,NIRISS_SOSS,ExoTEP,uniform
68,1.1868412494659424,1.1811509132385254,1.1925315856933594,757.1087100569287,47.70875756015935,49.08746410086958,0.0,0.0,0,none,NIRISS_SOSS,ExoTEP,uniform
69,1.1987060904502869,1.1925315856933594,1.2048805952072144,831.840869451308,43.79726428990828,41.81532272564883,0.0,0.0,0,none,NIRISS_SOSS,ExoTEP,uniform
70,1.2105874419212341,1.2048805952072144,1.216294288635254,781.6923064739522,51.04730088685149,51.813338791852786,0.0,0.0,0,none,NIRISS_SOSS,ExoTEP,uniform
71,1.2224849462509155,1.216294288635254,1.2286756038665771,730.9769365079528,47.10665231971375,46.81747812621479,0.0,0.0,0,none,NIRISS_SOSS,ExoTEP,uniform
72,1.2348757982254028,1.2286756038665771,1.2410759925842285,807.0805076413951,39.88581598279058,42.44663136665766,0.0,0.0,0,none,NIRISS_SOSS,ExoTEP,uniform
73,1.2472862601280212,1.2410759925842285,1.253496527671814,721.7641263808785,52.92434564768726,43.745415806054716,0.0,0.0,0,none,NIRISS_SOSS,ExoTEP,uniform
74,1.2597161531448364,1.253496527671814,1.2659357786178589,815.7591359558172,43.46955870086841,42.01473758724406,0.0,0.0,0,none,NIRISS_SOSS,ExoTEP,uniform
75,1.2721624374389648,1.2659357786178589,1.2783890962600708,737.5098418098096,41.48705396228812,41.24038143813858,0.0,0.0,0,none,NIRISS_SOSS,ExoTEP,uniform
76,1.284863442182541,1.2783890962600708,1.291337788105011,816.1854835602485,43.5189102041718,42.03953866852862,0.0,0.0,0,none,NIRISS_SOSS,ExoTEP,uniform
77,1.2978223860263824,1.291337788105011,1.304306983947754,720.642947827788,41.76865440324934,41.52252261296628,0.0,0.0,0,none,NIRISS_SOSS,ExoTEP,uniform
78,1.310797244310379,1.304306983947754,1.3172875046730042,779.1849794071894,44.24021845232652,43.24213338194811,0.0,0.0,0,none,NIRISS_SOSS,ExoTEP,uniform
79,1.323784202337265,1.3172875046730042,1.3302809000015259,766.8961713426897,41.74990089682555,40.70951756630549,0.0,0.0,0,none,NIRISS_SOSS,ExoTEP,uniform
80,1.3370293378829956,1.3302809000015259,1.343777775764465,825.2699098268831,42.82575160536973,46.354563927027534,0.0,0.0,0,none,NIRISS_SOSS,ExoTEP,uniform
81,1.3505330681800842,1.343777775764465,1.3572883605957031,806.1921795318226,40.8319822801259,41.1770557932034,0.0,0.0,0,none,NIRISS_SOSS,ExoTEP,uniform
82,1.3640514016151428,1.3572883605957031,1.3708144426345825,768.9725073280706,44.86343687091694,48.03093169531299,0.0,0.0,0,none,NIRISS_SOSS,ExoTEP,uniform
83,1.3775849342346191,1.3708144426345825,1.3843554258346558,764.4439155445328,51.041832815590546,50.61810220400702,0.0,0.0,0,none,NIRISS_SOSS,ExoTEP,uniform
84,1.3913747668266296,1.3843554258346558,1.3983941078186035,693.9824776794721,47.384365140424016,45.18024079097538,0.0,0.0,0,none,NIRISS_SOSS,ExoTEP,uniform
85,1.4054181575775146,1.3983941078186035,1.4124422073364258,758.5303873270311,54.309096421666474,54.27057294552508,0.0,0.0,0,none,NIRISS_SOSS,ExoTEP,uniform
86,1.4194758236408234,1.4124422073364258,1.426509439945221,785.1413746967437,52.29517056829461,52.65066842208603,0.0,0.0,0,none,NIRISS_SOSS,ExoTEP,uniform
87,1.4335502684116364,1.426509439945221,1.4405910968780518,845.5593244397397,58.08452080158267,54.841154217393125,0.0,0.0,0,none,NIRISS_SOSS,ExoTEP,uniform
88,1.447877824306488,1.4405910968780518,1.4551645517349243,747.5893492788039,44.29023666345723,41.11447692143579,0.0,0.0,0,none,NIRISS_SOSS,ExoTEP,uniform
89,1.4624589681625366,1.4551645517349243,1.4697533845901487,788.124237748638,45.83481455523132,42.70953140244325,0.0,0.0,0,none,NIRISS_SOSS,ExoTEP,uniform
90,1.4770563840866089,1.4697533845901487,1.4843593835830688,839.0870963616289,46.259859509381144,47.149310379674134,0.0,0.0,0,none,NIRISS_SOSS,ExoTEP,uniform
91,1.4916654825210571,1.4843593835830688,1.4989715814590454,753.702626098995,48.02674250752102,46.92413614197411,0.0,0.0,0,none,NIRISS_SOSS,ExoTEP,uniform
92,1.5067716836929321,1.4989715814590454,1.5145717859268188,783.4981779474576,45.891374691516454,44.90589544163674,0.0,0.0,0,none,NIRISS_SOSS,ExoTEP,uniform
93,1.5218858122825623,1.5145717859268188,1.5291998386383057,709.2756813377,50.18304732719981,48.488709758947095,0.0,0.0,0,none,NIRISS_SOSS,ExoTEP,uniform
94,1.5370094776153564,1.5291998386383057,1.5448191165924072,670.6445302946994,45.44051710470735,44.63732202799665,0.0,0.0,0,none,NIRISS_SOSS,ExoTEP,uniform
95,1.5526350140571594,1.5448191165924072,1.5604509115219116,798.2075626306662,48.47162393344841,47.939689769377615,0.0,0.0,0,none,NIRISS_SOSS,ExoTEP,uniform
96,1.56827312707901,1.5604509115219116,1.5760953426361084,809.2720367767174,46.320218169276416,47.71805095241776,0.0,0.0,0,none,NIRISS_SOSS,ExoTEP,uniform
97,1.583920180797577,1.5760953426361084,1.5917450189590454,757.0328704843481,46.98065056548594,48.34455797832244,0.0,0.0,0,none,NIRISS_SOSS,ExoTEP,uniform
98,1.599573016166687,1.5917450189590454,1.6074010133743286,786.9183256371771,47.97753454629288,47.062515869664225,0.0,0.0,0,none,NIRISS_SOSS,ExoTEP,uniform
99,1.6152324676513672,1.6074010133743286,1.6230639219284058,796.0898146066853,49.61365104415692,49.93379886491048,0.0,0.0,0,none,NIRISS_SOSS,ExoTEP,uniform
100,1.6313914060592651,1.6230639219284058,1.6397188901901245,828.0485494662345,49.72225974516512,47.01452165367369,0.0,0.0,0,none,NIRISS_SOSS,ExoTEP,uniform
101,1.6480495929718018,1.6397188901901245,1.656380295753479,792.1231851096737,48.95020776986349,49.09553202111107,0.0,0.0,0,none,NIRISS_SOSS,ExoTEP,uniform
102,1.6644679009914398,1.656380295753479,1.6725555062294006,861.0420581527021,48.53313625107193,50.381599426189915,0.0,0.0,0,none,NIRISS_SOSS,ExoTEP,uniform
103,1.6811349093914032,1.6725555062294006,1.6897143125534058,798.504180205115,52.75451902726026,52.5089464057499,0.0,0.0,0,none,NIRISS_SOSS,ExoTEP,uniform
104,1.6980564594268799,1.6897143125534058,1.706398606300354,846.1256373807526,54.31338125381456,54.45973356630891,0.0,0.0,0,none,NIRISS_SOSS,ExoTEP,uniform
105,1.714737594127655,1.706398606300354,1.723076581954956,835.8088696534421,55.502279718985186,54.136713297241016,0.0,0.0,0,none,NIRISS_SOSS,ExoTEP,uniform
106,1.7319114208221436,1.723076581954956,1.740746259689331,703.8878311562793,50.857620926213826,50.830520161523914,0.0,0.0,0,none,NIRISS_SOSS,ExoTEP,uniform
107,1.7493374347686768,1.740746259689331,1.7579286098480225,763.7062215800856,52.01940259497617,53.72779996533817,0.0,0.0,0,none,NIRISS_SOSS,ExoTEP,uniform
108,1.7667723596096039,1.7579286098480225,1.7756161093711853,681.6330721946804,48.44434912121237,50.31109277784753,0.0,0.0,0,none,NIRISS_SOSS,ExoTEP,uniform
109,1.7844540476799011,1.7756161093711853,1.793291985988617,762.4953067122267,58.659485284122276,56.51323191160675,0.0,0.0,0,none,NIRISS_SOSS,ExoTEP,uniform
110,1.8023845851421354,1.793291985988617,1.8114771842956543,784.98923199483,57.201269927853986,54.322955056451086,0.0,0.0,0,none,NIRISS_SOSS,ExoTEP,uniform
111,1.8203170299530027,1.8114771842956543,1.8291568756103516,753.5872446804091,63.054529082236186,59.748227227649515,0.0,0.0,0,none,NIRISS_SOSS,ExoTEP,uniform
112,1.8384946584701538,1.8291568756103516,1.8478324413299558,855.4011656027692,56.12702117809297,53.77174180364971,0.0,0.0,0,none,NIRISS_SOSS,ExoTEP,uniform
113,1.8569253981113434,1.8478324413299558,1.8660183548927303,739.4767014902691,61.29460257041669,64.88601280428087,0.0,0.0,0,none,NIRISS_SOSS,ExoTEP,uniform
114,1.875357061624527,1.8660183548927303,1.8846957683563232,879.5130284788643,62.931081059096236,60.135222822111366,0.0,0.0,0,none,NIRISS_SOSS,ExoTEP,uniform
115,1.8942871689796448,1.8846957683563232,1.9038785696029663,776.7944558152984,57.0802164842568,60.45626568214746,0.0,0.0,0,none,NIRISS_SOSS,ExoTEP,uniform
116,1.9132179021835327,1.9038785696029663,1.9225572347640991,784.3303508055105,59.1174554705402,60.705813714348714,0.0,0.0,0,none,NIRISS_SOSS,ExoTEP,uniform
117,1.9323871731758118,1.9225572347640991,1.9422171115875244,828.124822049164,63.48234685220405,65.73166350850376,0.0,0.0,0,none,NIRISS_SOSS,ExoTEP,uniform
118,1.9518065750598907,1.9422171115875244,1.961396038532257,690.9201434815353,69.3403642460277,66.97628942668231,0.0,0.0,0,none,NIRISS_SOSS,ExoTEP,uniform
119,1.9709856808185582,1.961396038532257,1.9805753231048584,842.0054206128307,65.97471031242061,69.27542802147562,0.0,0.0,0,none,NIRISS_SOSS,ExoTEP,uniform
120,1.990649402141571,1.9805753231048584,2.0007234811782837,763.4421645024615,64.40434879838179,68.80717434113939,0.0,0.0,0,none,NIRISS_SOSS,ExoTEP,uniform
121,2.0108067989349365,2.0007234811782837,2.0208901166915894,783.8376039480461,79.55813791553602,80.05163426460979,0.0,0.0,0,none,NIRISS_SOSS,ExoTEP,uniform
122,2.030969023704529,2.0208901166915894,2.0410479307174683,808.3442087890834,67.11344452494764,71.73165227814775,0.0,0.0,0,none,NIRISS_SOSS,ExoTEP,uniform
123,2.051126480102539,2.0410479307174683,2.06120502948761,789.9477238713735,75.0869037106539,73.30122422667475,0.0,0.0,0,none,NIRISS_SOSS,ExoTEP,uniform
124,2.0715335607528687,2.06120502948761,2.0818620920181274,841.5484354797761,69.69433273723571,71.18769164992176,0.0,0.0,0,none,NIRISS_SOSS,ExoTEP,uniform
125,2.092190146446228,2.0818620920181274,2.1025182008743286,810.9061671503472,66.18922463093811,67.07173605679215,0.0,0.0,0,none,NIRISS_SOSS,ExoTEP,uniform
126,2.1133358478546143,2.1025182008743286,2.1241534948349,756.1319710063153,69.20073931138174,68.04090086948601,0.0,0.0,0,none,NIRISS_SOSS,ExoTEP,uniform
127,2.134476661682129,2.1241534948349,2.144799828529358,717.0718811617764,75.64177058471451,73.39082456404336,0.0,0.0,0,none,NIRISS_SOSS,ExoTEP,uniform
128,2.155617356300354,2.144799828529358,2.16643488407135,769.1793858668384,68.41304489118227,69.30202348562773,0.0,0.0,0,none,NIRISS_SOSS,ExoTEP,uniform
129,2.1772552728652954,2.16643488407135,2.1880756616592407,759.8435980140225,79.34573488597835,76.11421700073758,0.0,0.0,0,none,NIRISS_SOSS,ExoTEP,uniform
130,2.198899984359741,2.1880756616592407,2.2097243070602417,869.5586874723986,85.530892042888,87.42930820316644,0.0,0.0,0,none,NIRISS_SOSS,ExoTEP,uniform
131,2.221035957336426,2.2097243070602417,2.23234760761261,715.7565159205731,74.13684540434414,74.52637210365513,0.0,0.0,0,none,NIRISS_SOSS,ExoTEP,uniform
132,2.24341881275177,2.23234760761261,2.25449001789093,702.6155118474387,73.37295879871229,75.99861905731757,0.0,0.0,0,none,NIRISS_SOSS,ExoTEP,uniform
133,2.2658071517944336,2.25449001789093,2.277124285697937,849.73606167401,87.96529920832613,82.65407227001222,0.0,0.0,0,none,NIRISS_SOSS,ExoTEP,uniform
134,2.288446068763733,2.277124285697937,2.299767851829529,819.7342741689583,81.70165902491844,76.47535190083822,0.0,0.0,0,none,NIRISS_SOSS,ExoTEP,uniform
135,2.311342239379883,2.299767851829529,2.322916626930237,790.345252663473,90.71353992814043,88.55582202306128,0.0,0.0,0,none,NIRISS_SOSS,ExoTEP,uniform
136,2.3344863653182983,2.322916626930237,2.34605610370636,830.6122171520789,85.03148483436128,83.77678713615619,0.0,0.0,0,none,NIRISS_SOSS,ExoTEP,uniform
137,2.3576343059539795,2.34605610370636,2.369212508201599,811.9998530275648,90.72271181073874,96.19807404766938,0.0,0.0,0,none,NIRISS_SOSS,ExoTEP,uniform
138,2.3810412883758545,2.369212508201599,2.39287006855011,745.4276472450541,97.57722405088577,94.58115479406734,0.0,0.0,0,none,NIRISS_SOSS,ExoTEP,uniform
139,2.404954731464386,2.39287006855011,2.417039394378662,1131.4937259333951,98.87747569694203,99.86887847725976,0.0,0.0,0,none,NIRISS_SOSS,ExoTEP,uniform
140,2.429126799106598,2.417039394378662,2.4412142038345337,629.8244864888054,109.8775240206305,95.69938651229985,0.0,0.0,0,none,NIRISS_SOSS,ExoTEP,uniform
141,2.453561544418335,2.4412142038345337,2.4659088850021362,661.1248075474268,127.29790796893028,110.16183852841296,0.0,0.0,0,none,NIRISS_SOSS,ExoTEP,uniform
142,2.4782662391662598,2.4659088850021362,2.4906235933303833,672.9371513205631,103.43638287034054,106.64073108851984,0.0,0.0,0,none,NIRISS_SOSS,ExoTEP,uniform
143,2.5029860734939575,2.4906235933303833,2.5153485536575317,849.2791067493793,107.8247603230578,102.63807933314345,0.0,0.0,0,none,NIRISS_SOSS,ExoTEP,uniform
144,2.5277265310287476,2.5153485536575317,2.5401045083999634,669.8626330051752,106.9903363701922,104.55155379384412,0.0,0.0,0,none,NIRISS_SOSS,ExoTEP,uniform
145,2.552992582321167,2.5401045083999634,2.5658806562423706,777.3514753698382,112.8362305868617,113.46386840999405,0.0,0.0,0,none,NIRISS_SOSS,ExoTEP,uniform
146,2.5787798166275024,2.5658806562423706,2.5916789770126343,877.6681819875064,126.76949588698851,114.05283706511297,0.0,0.0,0,none,NIRISS_SOSS,ExoTEP,uniform
147,2.6045985221862793,2.5916789770126343,2.6175180673599243,835.8753895604189,136.64024508215618,132.68766917736377,0.0,0.0,0,none,NIRISS_SOSS,ExoTEP,uniform
148,2.630457043647766,2.6175180673599243,2.643396019935608,617.8225388892363,125.74941860012751,131.60016172449045,0.0,0.0,0,none,NIRISS_SOSS,ExoTEP,uniform
149,2.6565970182418823,2.643396019935608,2.6697980165481567,788.6902556700254,121.51538271410168,128.47349778299593,0.0,0.0,0,none,NIRISS_SOSS,ExoTEP,uniform
150,2.683280646800995,2.6697980165481567,2.696763277053833,907.1168115155137,121.39303117769286,125.45763566199328,0.0,0.0,0,none,NIRISS_SOSS,ExoTEP,uniform
151,2.710267722606659,2.696763277053833,2.723772168159485,850.8217566331697,140.98953975966052,144.2285814903251,0.0,0.0,0,none,NIRISS_SOSS,ExoTEP,uniform
152,2.7373064756393433,2.723772168159485,2.7508407831192017,598.5594443386526,125.5262711050557,130.21501951194503,0.0,0.0,0,none,NIRISS_SOSS,ExoTEP,uniform
153,2.7646567821502686,2.7508407831192017,2.7784727811813354,548.4287594136289,128.3434893326003,149.30601126102457,0.0,0.0,0,none,NIRISS_SOSS,ExoTEP,uniform
154,2.7923182249069214,2.7784727811813354,2.8061636686325073,746.5377635300022,141.45862372997397,142.12103432074065,0.0,0.0,0,none,NIRISS_SOSS,ExoTEP,uniform
155,2.812978506088257,2.8061636686325073,2.8197933435440063,979.4407208670692,219.15051891996885,229.75783128007672,0.0,0.0,0,none,NIRISS_SOSS,ExoTEP,uniform
