0.855115 0.004396 9.282828e-04 8.283600e-05
0.863480 0.003969 9.626879e-04 6.957240e-05
0.871874 0.004424 1.013739e-03 6.512240e-05
0.880736 0.004438 9.781177e-04 6.167570e-05
0.889627 0.004452 9.467773e-04 5.640005e-05
0.898545 0.004466 9.425636e-04 6.219745e-05
0.907490 0.004479 9.504744e-04 5.897540e-05
0.916461 0.004492 1.014949e-03 5.479855e-05
0.925909 0.004956 1.057309e-03 5.201365e-05
0.935383 0.004518 1.050084e-03 5.337280e-05
0.944432 0.004530 9.794407e-04 4.967375e-05
0.953959 0.004997 9.569761e-04 5.202390e-05
0.963510 0.004555 1.063605e-03 5.394770e-05
0.973088 0.005023 9.718476e-04 4.875995e-05
0.982688 0.004578 9.806225e-04 4.680630e-05
0.992314 0.005048 1.021704e-03 4.624105e-05
1.002421 0.005060 1.039396e-03 4.565315e-05
1.012553 0.005072 9.891626e-04 4.578290e-05
1.022709 0.005084 9.055417e-04 5.275185e-05
1.032887 0.005095 1.019056e-03 4.904435e-05
1.043088 0.005106 9.762227e-04 4.698895e-05
1.053777 0.005582 9.593013e-04 4.381350e-05
1.064487 0.005128 9.961979e-04 4.588840e-05
1.074754 0.005138 9.431159e-04 4.268435e-05
1.085508 0.005616 9.610181e-04 4.522635e-05
1.096283 0.005158 9.365346e-04 4.861100e-05
1.107079 0.005638 9.605959e-04 4.315370e-05
1.118365 0.005648 9.627856e-04 4.203930e-05
1.129671 0.005658 9.400705e-04 3.984505e-05
1.140998 0.005668 9.857789e-04 3.593670e-05
1.152343 0.005678 1.000957e-03 3.995545e-05
1.163708 0.005687 9.836123e-04 3.708490e-05
1.175565 0.006171 1.012391e-03 3.440745e-05
1.187440 0.005705 9.454304e-04 3.980665e-05
1.199335 0.006189 1.004678e-03 4.058250e-05
1.211246 0.005722 9.848356e-04 4.113845e-05
1.223174 0.006207 9.105820e-04 4.149155e-05
1.235596 0.006215 1.001718e-03 3.757925e-05
1.248035 0.006224 9.941022e-04 4.133305e-05
1.260490 0.006231 9.285844e-04 4.411705e-05
1.272960 0.006239 1.007567e-03 3.773680e-05
1.285446 0.006246 9.247142e-04 4.204555e-05
1.298426 0.006734 9.612299e-04 4.045480e-05
1.311421 0.006260 1.035370e-03 3.929960e-05
1.324430 0.006749 9.800491e-04 4.129960e-05
1.337934 0.006756 9.990049e-04 3.628040e-05
1.351452 0.006762 9.983070e-04 3.861650e-05
1.364984 0.006769 9.492983e-04 3.874360e-05
1.378527 0.006775 1.001301e-03 4.248120e-05
1.392083 0.006781 9.580125e-04 4.373015e-05
1.406134 0.007271 1.003606e-03 4.539110e-05
1.420196 0.006792 9.823962e-04 3.510620e-05
1.434270 0.007282 1.061823e-03 3.895875e-05
1.448840 0.007287 1.004619e-03 3.676415e-05
1.463420 0.007292 9.829906e-04 4.117490e-05
1.478009 0.007297 9.788732e-04 3.893220e-05
1.492608 0.007302 9.948108e-04 4.527165e-05
1.507704 0.007793 1.042964e-03 4.343115e-05
1.522807 0.007310 9.805829e-04 3.788605e-05
1.537920 0.007802 9.976946e-04 3.573540e-05
1.553527 0.007806 9.481335e-04 3.707715e-05
1.569143 0.007810 9.607372e-04 3.913850e-05
1.584767 0.007813 1.010047e-03 4.211620e-05
1.600397 0.007817 9.170292e-04 3.594285e-05
1.616034 0.007820 8.945031e-04 3.960090e-05
1.632166 0.008312 9.201327e-04 4.223700e-05
1.648794 0.008315 9.836495e-04 3.506245e-05
1.665428 0.008318 9.537538e-04 4.145650e-05
1.682068 0.008321 9.993227e-04 3.896725e-05
1.698713 0.008324 9.699731e-04 4.051990e-05
1.715854 0.008817 1.005463e-03 4.076360e-05
1.733000 0.008329 9.966937e-04 3.646835e-05
1.750151 0.008822 1.032406e-03 4.118750e-05
1.767798 0.008824 9.724290e-04 4.488930e-05
1.785449 0.008827 9.593425e-04 5.089145e-05
1.803105 0.008829 1.046475e-03 4.792265e-05
1.821256 0.009322 9.755065e-04 5.283985e-05
1.839412 0.008834 9.640115e-04 5.266670e-05
1.857573 0.009327 1.023667e-03 4.149235e-05
1.876229 0.009329 1.002784e-03 4.427760e-05
1.894890 0.009332 1.000237e-03 4.492815e-05
1.914047 0.009825 1.014047e-03 4.416515e-05
1.933209 0.009336 9.251688e-04 4.480325e-05
1.952376 0.009830 1.002004e-03 4.675325e-05
1.972039 0.009833 1.003911e-03 5.308085e-05
1.991708 0.009836 1.007140e-03 5.634205e-05
2.011874 0.010330 9.127782e-04 5.736315e-05
2.032045 0.009841 9.684207e-04 6.820065e-05
2.052222 0.010336 1.004982e-03 5.255165e-05
2.072897 0.010339 9.272719e-04 5.773530e-05
2.093578 0.010342 1.036922e-03 5.394170e-05
2.114265 0.010345 1.031963e-03 5.874720e-05
2.135451 0.010841 1.085333e-03 5.576020e-05
2.157137 0.010845 8.178457e-04 7.085595e-05
2.178830 0.010848 1.009062e-03 5.156510e-05
2.200531 0.010852 9.395218e-04 6.057880e-05
2.222238 0.010856 9.775506e-04 7.806640e-05
2.244447 0.011353 9.379266e-04 7.508610e-05
2.267157 0.011357 9.555811e-04 6.588225e-05
2.289875 0.011361 9.336173e-04 6.933875e-05
2.312601 0.011365 8.856073e-04 6.816065e-05
2.335829 0.011863 9.081555e-04 7.679045e-05
2.359065 0.011373 1.104146e-03 7.907105e-05
2.382309 0.011871 9.748803e-04 8.540340e-05
2.406055 0.011875 9.752787e-04 6.826990e-05
2.430303 0.012373 9.225948e-04 1.124237e-04
2.455053 0.012377 7.364945e-04 8.357320e-05
2.479315 0.011885 1.018332e-03 1.107902e-04
2.504077 0.012878 8.838309e-04 8.377340e-05
2.529340 0.012385 9.502848e-04 1.077790e-04
2.554606 0.012882 9.699806e-04 9.889250e-05
2.580371 0.012883 9.647194e-04 9.791530e-05
2.606136 0.012883 1.020123e-03 9.861535e-05
2.631901 0.012882 9.930889e-04 1.098582e-04
2.658158 0.013375 1.065929e-03 1.168140e-04
2.684906 0.013372 8.812939e-04 1.042586e-04
2.711645 0.013367 1.016503e-03 1.153880e-04
2.738868 0.013855 1.013295e-03 1.195426e-04
2.766076 0.013352 9.361401e-04 1.594558e-04
2.793758 0.014330 1.025077e-03 1.066531e-04
2.814014 0.005926 1.263432e-03 1.733614e-04
