0.8773029963467367 0.008686239887588286 0.001026948789201343 3.8577988970046535e-05
0.8950262892022263 0.008861646427744785 0.0009937856937325554 3.547102855570546e-05
0.9131076283780288 0.009040669587901284 0.000986883818022475 3.6777851303912445e-05
0.9315542471331404 0.009223309377555777 0.001044338800762957 3.361830559190229e-05
0.950373524853002 0.009409638859930791 0.0010058485203788198 3.2206473577651015e-05
0.9695729900015476 0.009599732574272823 0.0010274583808453348 3.242841453987478e-05
0.9891603231328918 0.009793666565672099 0.0010312146885577064 3.055433943184805e-05
1.0091433599638595 0.009991518415483847 0.0010119082744568235 2.998794574660329e-05
1.029530094508584 0.010193367272362197 0.0009954093806844371 3.019581079671581e-05
1.050328682276434 0.01039929388392502 0.0009905280236542204 2.6773470469561515e-05
1.0715474435345438 0.01060938062905492 0.0009800852051717783 2.795769577931557e-05
1.0931948666362516 0.010823711550853932 0.0009403931313671607 2.6902816160568397e-05
1.1152796114167822 0.011042372390265287 0.000976262524577833 2.6323039897253065e-05
1.1378105126575253 0.011265450620371542 0.000973696989225402 2.550521146700217e-05
1.1607965836203036 0.011493035481389136 0.0010041272996465216 2.5560374307627143e-05
1.184247019653037 0.011725218016366723 0.001029064274070629 2.5236273977011475e-05
1.2081712018682498 0.011962091107606376 0.0009753687959543978 2.58493425099417e-05
1.2325787008958913 0.01220374951382075 0.000987629223405829 2.439938894775388e-05
1.2574792807119697 0.012450289908039203 0.0009764570008107956 2.5101511855025188e-05
1.282882902544535 0.012701810916282641 0.0009918393072855883 2.3491602939284985e-05
1.308799728858566 0.012958413157015514 0.0010049616750567151 2.3548976840090464e-05
1.3352401274213652 0.013220199281399614 0.0010397797104575999 2.368704719898864e-05
1.3622146754500797 0.013487274014357231 0.0009954225972266424 2.347675744502629e-05
1.3897341638430103 0.013759744196465307 0.0010097593283369555 2.431312362868617e-05
1.4178096014964046 0.014037718826697132 0.0010230264020920118 2.4852675260228937e-05
1.446452219708453 0.01432130910602425 0.0010159390481621748 2.3754686565650706e-05
1.47567347667226 0.01461062848190342 0.0009928579474101547 2.3848286308945542e-05
1.5054850620595783 0.014905792693659214 0.0010242727030060532 2.4655869120755505e-05
1.5358989016971458 0.015206919818783748 0.001001052867974413 2.3547384076095357e-05
1.5669271623374923 0.015514130320173236 0.000929221366089988 2.4050715287569208e-05
1.5985822565261287 0.015827547094318217 0.0009822490483470951 2.5178933560384747e-05
1.6308768475670603 0.016147295520465788 0.0009529155772004723 2.3216530076778196e-05
1.6638238545886177 0.016473503510778698 0.0009962184147657626 2.5685677593942807e-05
1.69743645771162 0.016806301561501202 0.0010042596923638815 2.512146776639016e-05
1.7317281033219554 0.017145822805167632 0.0009942043186586308 2.5212444392309245e-05
1.7667125094496716 0.017492203063858125 0.0010228502681917213 2.6421726012071127e-05
1.8024036712567355 0.017845580903531943 0.0010352397901521172 2.7609733207004242e-05
1.8388158666356595 0.01820609768946202 0.000996546114006055 2.8605691649856503e-05
1.8759636619212283 0.018573897642784387 0.0009795327794834211 2.8170680187847306e-05
1.9138619177176168 0.01894912789819425 0.0010192333035307544 2.9353585206121495e-05
1.952525794843225 0.01933193856280413 0.0009903683135672433 3.105625491585384e-05
1.9919707603956136 0.01972248277619426 0.0010193767675341855 3.132196754916303e-05
2.03221259393896 0.02012091677167327 0.000981566775055641 3.1622382384047565e-05
2.073267393816514 0.020527399938776947 0.0009558319103055612 3.418563093702701e-05
2.1151515835905847 0.020942094887035356 0.001036297207194173 3.3685589281189526e-05
2.157881918612617 0.021365167511016026 0.0009587048974832916 3.631593299364186e-05
2.2014754927260034 0.0217967870566933 0.0009716850323965739 3.8627305369251195e-05
2.2459497451043062 0.022237126189151413 0.0009709425730080404 3.9619979178396956e-05
2.2913224672276256 0.022686361061659666 0.0009392788203338571 4.069967225956937e-05
2.337611809999901 0.023144671386137627 0.0009185511741295192 4.380597963256211e-05
2.38483629101 0.02361224050504962 0.0010431776626023354 4.598863505880058e-05
2.433014801939496 0.02408925546474805 0.000923633309608488 4.7523437604411094e-05
2.482166616120092 0.024575907090298 0.0008969366747300295 4.949138083211298e-05
2.53231139624373 0.025072390061818828 0.0009689787241194016 5.295692280082785e-05
2.583469202228451 0.02557890299236054 0.0010374661886103048 5.517862861354242e-05
2.635660499243168 0.02609564850735846 0.0010426548915173147 5.926788164033422e-05
2.688906165894545 0.0266228333256886 0.0009287633311997349 5.9595449253693675e-05
2.7432275025792827 0.027160668342368854 0.0010517452797266724 6.353224771216998e-05
2.798646240005127 0.027709368712922178 0.0010928459007369707 6.701025614244902e-05
2.8277906596933424 0.014572209844107675 0.001344890410391694 0.00029937068000702923
