wvl(micron) wvl_fullwidth(micron) depths depths_err_down depths_err_up
2.704608272058391272e+00 2.704608272058317553e-03 1.526515691731268175e-03 3.962648421483861956e-04 4.596305062821808810e-04
2.710022903233683778e+00 2.710022903233744174e-03 1.852072323139241890e-03 4.744495037952204362e-04 5.560627335930526946e-04
2.715448374511428842e+00 2.715448374511542085e-03 1.230221005495500414e-03 3.667757897164840579e-04 4.375796199282880718e-04
2.720884707593533847e+00 2.720884707593462792e-03 1.410199220445413444e-03 3.388463645514075222e-04 3.609525690394789986e-04
2.726331924225352754e+00 2.726331924225444681e-03 2.071589225504083705e-03 3.331874839798472810e-04 3.518529054666042475e-04
2.731790046195773591e+00 2.731790046195614607e-03 1.362543983543029052e-03 2.558091825262888593e-04 2.661095604094151587e-04
2.737259095337306825e+00 2.737259095337174486e-03 1.484702668215546334e-03 2.573097538989656068e-04 2.747822710749597873e-04
2.742739093526170180e+00 2.742739093526180838e-03 1.555080224124630881e-03 2.209417100258251332e-04 2.346488945364173047e-04
2.748230062682378794e+00 2.748230062682432973e-03 1.527333627162464182e-03 1.986196872282478909e-04 2.015486944283538930e-04
2.753732024769830922e+00 2.753732024769917075e-03 1.611718970093680347e-03 1.909049275345163293e-04 1.932240854701236326e-04
2.759245001796397201e+00 2.759245001796362118e-03 1.591832724435213479e-03 1.622482098520001525e-04 1.641745241380332995e-04
2.764769015814007691e+00 2.764769015814128039e-03 1.610282905402922547e-03 1.425991315798908171e-04 1.465956060520692220e-04
2.770304088918740693e+00 2.770304088918873475e-03 1.509775225117166320e-03 1.259124525250377834e-04 1.283819250161171192e-04
2.775850243250910232e+00 2.775850243250888028e-03 1.602390521786173491e-03 1.247619859825426078e-04 1.291765137643239149e-04
2.781407500995156212e+00 2.781407500995092263e-03 1.500139366974108813e-03 1.063569096116915880e-04 1.106357919835524432e-04
2.786975884380532342e+00 2.786975884380593627e-03 1.594045211281720732e-03 1.109748905384049661e-04 1.109670600265528980e-04
2.792555415680593178e+00 2.792555415680464392e-03 1.387212009292556388e-03 9.913428206353010154e-05 1.022712525850020648e-04
2.798146117213486939e+00 2.798146117213295980e-03 1.521998080486174684e-03 9.596285589896318125e-05 9.754176074849502174e-05
2.803748011342042545e+00 2.803748011342088731e-03 1.513890078041663133e-03 9.091454171276492724e-05 9.393678794620436703e-05
2.809361120473858442e+00 2.809361120473807816e-03 1.473858423253509480e-03 8.721491098970585360e-05 8.913597396639292149e-05
2.814985467061393631e+00 2.814985467061603686e-03 1.371958123064377427e-03 8.643530989197268711e-05 8.901107923489186009e-05
2.820621073602056939e+00 2.820621073601925488e-03 1.296990154019961317e-03 8.209780681007313385e-05 8.427576985179947161e-05
2.826267962638297604e+00 2.826267962638295828e-03 1.512116754032799288e-03 7.955242479875964496e-05 7.934173927373802248e-05
2.831926156757693214e+00 2.831926156757758051e-03 1.613003118576108140e-03 7.996127699791939574e-05 8.046663803756014830e-05
2.837595678593044290e+00 2.837595678593096693e-03 1.499626593470140216e-03 7.547676615820471673e-05 7.735622100088786050e-05
2.843276550822460003e+00 2.843276550822393389e-03 1.636860936408544203e-03 7.340771059234607024e-05 7.868719654384906761e-05
2.848968796169451423e+00 2.848968796169470963e-03 1.530363292651329464e-03 7.225917742672317574e-05 7.602949050922202558e-05
2.854672437403023899e+00 2.854672437403005247e-03 1.542661943823660144e-03 7.099946197258402312e-05 7.017505507250726231e-05
2.860387497337764984e+00 2.860387497337857354e-03 1.393701176191846063e-03 7.585442918481130256e-05 7.399330151638275148e-05
2.866113998833936805e+00 2.866113998833963450e-03 1.438089646124009365e-03 6.901167723166513640e-05 6.810566306147428312e-05
2.871851964797568435e+00 2.871851964797444978e-03 1.374625368831084793e-03 6.686601704634814497e-05 6.884287179539163052e-05
2.877601418180546489e+00 2.877601418180608661e-03 1.484948303629042305e-03 6.700015025200635498e-05 6.606293854978936505e-05
2.883362381980707490e+00 2.883362381980836275e-03 1.494171929014536174e-03 7.141841385581239906e-05 7.400071581129563669e-05
2.889134879241930243e+00 2.889134879241916920e-03 1.319549522723313358e-03 6.898279327927839125e-05 7.240448489965777338e-05
2.894918933054226429e+00 2.894918933054269061e-03 1.498341342098574334e-03 7.052572879741065160e-05 7.205395263451217782e-05
2.900714566553834750e+00 2.900714566553830309e-03 1.475402619497359017e-03 7.143821074754708839e-05 7.380470291347586550e-05
2.906521802923311526e+00 2.906521802923167641e-03 1.510394205448259289e-03 7.173838377330548949e-05 7.368276794297760424e-05
2.912340665391626615e+00 2.912340665391477401e-03 1.552992974031416938e-03 6.643598962082240605e-05 6.851742571351895612e-05
2.918171177234252234e+00 2.918171177234141211e-03 1.469468335125314034e-03 7.372679271786600479e-05 7.976647507429764506e-05
2.924013361773259767e+00 2.924013361773392106e-03 1.387711967222404839e-03 6.850531049339142345e-05 8.138817311338769340e-05
2.929867242377410363e+00 2.929867242377426351e-03 1.419883190889096236e-03 6.916542118223885838e-05 6.905810293756464268e-05
2.935732842462249970e+00 2.935732842462179804e-03 1.453407553482399979e-03 6.467230057144398886e-05 6.467615971346581637e-05
2.941610185490202589e+00 2.941610185490217688e-03 1.527532613721768132e-03 6.505967149603618588e-05 6.497506115444398351e-05
2.947499294970663097e+00 2.947499294970512551e-03 1.496827330871913254e-03 6.508946259297561658e-05 6.868976774521585050e-05
2.953400194460093608e+00 2.953400194460220618e-03 1.387570679441301044e-03 6.100957217359359141e-05 6.106127122444338019e-05
2.959312907562115846e+00 2.959312907562017259e-03 1.536010050161780742e-03 6.184029998376489728e-05 6.583212127054058208e-05
2.965237457927605735e+00 2.965237457927649700e-03 1.435473218221541792e-03 6.065582877433666251e-05 6.294360104666074890e-05
2.971173869254788436e+00 2.971173869254828404e-03 1.551896355037956374e-03 6.354402061418501458e-05 6.366244745909232236e-05
2.977122165289332045e+00 2.977122165289225464e-03 1.560629129571776928e-03 6.240858559031472650e-05 6.505239227364333695e-05
2.983082369824446189e+00 2.983082369824474611e-03 1.382243365211029400e-03 5.888755905805502457e-05 5.965555419078245457e-05
2.989054506700971281e+00 2.989054506700838942e-03 1.568106554010942908e-03 5.791120849163953614e-05 5.900351714996158439e-05
2.995038599807479329e+00 2.995038599807431368e-03 1.493423396948500778e-03 5.936936870574955954e-05 6.179757962939444026e-05
3.001034673080367199e+00 3.001034673080438253e-03 1.444021945429058585e-03 6.071310122999700685e-05 6.338483570592297648e-05
3.007042750503951645e+00 3.007042750504007600e-03 1.514525595416738556e-03 6.081304586451807739e-05 6.344464052824352060e-05
3.013062856110566123e+00 3.013062856110471088e-03 1.482244683792556831e-03 5.886060186077321038e-05 5.921114862053598914e-05
3.019095013980657605e+00 3.019095013980788167e-03 1.485786235312419297e-03 6.543531028636543495e-05 6.592598091541810885e-05
3.025139248242881607e+00 3.025139248242991741e-03 1.376416190466307537e-03 5.955513124028858317e-05 5.891727445407320216e-05
3.031195583074198563e+00 3.031195583074186573e-03 1.518321512431984642e-03 5.883033817730590567e-05 6.311357579325293816e-05
3.037264042699972855e+00 3.037264042700105193e-03 1.435335297196836625e-03 6.276424103738167482e-05 5.983019683467021433e-05
3.043344651394066958e+00 3.043344651394219724e-03 1.441856244526358837e-03 6.086497100313420641e-05 6.136933740327650273e-05
3.049437433478940029e+00 3.049437433478852100e-03 1.516780218646259426e-03 6.350381491511525160e-05 6.773905663914976043e-05
3.055542413325745166e+00 3.055542413325840201e-03 1.428718122073423464e-03 5.717897445104334843e-05 5.717410118252999081e-05
3.061659615354424879e+00 3.061659615354317410e-03 1.472563369749245845e-03 5.626068636202736020e-05 5.868062724801822219e-05
3.067789064033813240e+00 3.067789064033821234e-03 1.457640152219366516e-03 6.035007520909386591e-05 6.201198507155316329e-05
3.073930783881729134e+00 3.073930783881850815e-03 1.500651588054193646e-03 6.194217034111200860e-05 6.383004202871125779e-05
3.080084799465075740e+00 3.080084799464977152e-03 1.516587223045430229e-03 5.752851647211205515e-05 5.806918993050301574e-05
3.086251135399940893e+00 3.086251135399953327e-03 1.543390761613139045e-03 5.909634604269551342e-05 6.471928728291936525e-05
3.092429816351692118e+00 3.092429816351716099e-03 1.409686196574150459e-03 6.152870290287109191e-05 6.556079311874174573e-05
3.098620867035079218e+00 3.098620867035162263e-03 1.516957416369757233e-03 5.848310608208869942e-05 6.153292422734116360e-05
3.104824312214328863e+00 3.104824312214260473e-03 1.524958704720214995e-03 5.998337533407599871e-05 6.191653502198381004e-05
3.111040176703245841e+00 3.111040176703161464e-03 1.447699057374276978e-03 5.971813863623636116e-05 6.095477438671868928e-05
3.117268485365314312e+00 3.117268485365309871e-03 1.581981751717899181e-03 6.538289580422641616e-05 6.775690020300558284e-05
3.123509263113793732e+00 3.123509263113888323e-03 1.402955400133553245e-03 5.711642107658999808e-05 5.875390225950360583e-05
3.129762534911819216e+00 3.129762534911817440e-03 1.422581007306882982e-03 6.045056637278252779e-05 6.346622835271273431e-05
3.136028325772503678e+00 3.136028325772644010e-03 1.498350038984215885e-03 5.919372396661106686e-05 6.421878216999722883e-05
3.142306660759035530e+00 3.142306660758986681e-03 1.319673662801677198e-03 5.697891415611034993e-05 5.828163059646132625e-05
3.148597564984779495e+00 3.148597564984756403e-03 1.343695873045703875e-03 5.828983022266111030e-05 5.645486727081660980e-05
3.154901063613377410e+00 3.154901063613380074e-03 1.416512368074854646e-03 5.628874553426903852e-05 5.632582370394360871e-05
3.161217181858849479e+00 3.161217181858910763e-03 1.371703516179772478e-03 5.584430281862896666e-05 5.559546460189834083e-05
3.167545944985694639e+00 3.167545944985805662e-03 1.450271817822618159e-03 5.498175027278767816e-05 5.427542922002357562e-05
3.173887378308989149e+00 3.173887378308926088e-03 1.371755062853660754e-03 5.503147244656915286e-05 5.627506515616502187e-05
3.180241507194492723e+00 3.180241507194647710e-03 1.438787672752993036e-03 6.019578729711681146e-05 6.456628590571401199e-05
3.186608357058745788e+00 3.186608357058640095e-03 1.446613362296210632e-03 5.535313919498143165e-05 5.646828864683103497e-05
3.192987953369173848e+00 3.192987953369197385e-03 1.454771740849436371e-03 5.938292128842673391e-05 5.990801044415324254e-05
3.199380321644187397e+00 3.199380321644129666e-03 1.441930565916630953e-03 5.506549220049600002e-05 5.990231422509683973e-05
3.205785487453284510e+00 3.205785487453205462e-03 1.363039005937869037e-03 5.702238276661771499e-05 5.604307932610898035e-05
3.212203476417155201e+00 3.212203476417263559e-03 1.332760623677509918e-03 5.696004248564326899e-05 5.944253056505876322e-05
3.218634314207780012e+00 3.218634314207768909e-03 1.419201952438974620e-03 5.976761466633122608e-05 6.338276004964897472e-05
3.225078026548536148e+00 3.225078026548366950e-03 1.482397416509582564e-03 6.135923473097019563e-05 6.186785637918217691e-05
3.231534639214298732e+00 3.231534639214217464e-03 1.458894920764319033e-03 5.688132881876368032e-05 5.897162061175284032e-05
3.238004178031544278e+00 3.238004178031550495e-03 1.533552566354768297e-03 6.446771228871114509e-05 6.711125897542523995e-05
3.244486668878454605e+00 3.244486668878554525e-03 1.452675332842836035e-03 5.692734081291551284e-05 5.687791253805245088e-05
3.250982137685018536e+00 3.250982137685154427e-03 1.362178833529492303e-03 5.431804509103408719e-05 5.531063624013430517e-05
3.257490610433136702e+00 3.257490610433233513e-03 1.456458325854895035e-03 5.576633027957727525e-05 5.661229710680444280e-05
3.264012113156726791e+00 3.264012113156855577e-03 1.510722380312123957e-03 5.488918592926494055e-05 5.640813912129590365e-05
3.270546671941825245e+00 3.270546671941820804e-03 1.442315459405315876e-03 5.168269146566052447e-05 5.217394584190951102e-05
3.277094312926693842e+00 3.277094312926553954e-03 1.417778938118305224e-03 5.367306167497658070e-05 5.563351148599199612e-05
3.283655062301922278e+00 3.283655062301882310e-03 1.370503041570141122e-03 5.588760789767298397e-05 5.858044141698842244e-05
3.290228946310534752e+00 3.290228946310591596e-03 1.515531072436061355e-03 5.224608203563117125e-05 5.235951481933858571e-05
3.296815991248093436e+00 3.296815991248092104e-03 1.485035972328267598e-03 5.470260470787935718e-05 5.874446862952039435e-05
3.303416223462804169e+00 3.303416223462862789e-03 1.403784088670075991e-03 5.509748821363650808e-05 5.640734217426205950e-05
3.310029669355622595e+00 3.310029669355563087e-03 1.375592704552461862e-03 5.390977467955601301e-05 5.519000063104972887e-05
3.316656355380358967e+00 3.316656355380365184e-03 1.480007854430596568e-03 5.392703722593767177e-05 5.888176576124475937e-05
3.323296308043782510e+00 3.323296308043621750e-03 1.445166140711170479e-03 5.656427904014551861e-05 5.835626080506170531e-05
3.329949553905731996e+00 3.329949553905642290e-03 1.474745680332530942e-03 5.768445935258238478e-05 5.581400994244889387e-05
3.336616119579216999e+00 3.336616119579138839e-03 1.525067109372707031e-03 6.010452189201908159e-05 6.141844395237288409e-05
3.343296031730526252e+00 3.343296031730558227e-03 1.453723032715458462e-03 5.496035699783702907e-05 5.670886031717002921e-05
3.349989317079336004e+00 3.349989317079193896e-03 1.479614909937349834e-03 5.643491027435379345e-05 5.782085022290183330e-05
3.356696002398813938e+00 3.356696002398740220e-03 1.419369729030781893e-03 5.645774845532785087e-05 5.739512146575112154e-05
3.363416114515728417e+00 3.363416114515738187e-03 1.501023739546201606e-03 5.374312287391401624e-05 5.451994689197347838e-05
3.370149680310555063e+00 3.370149680310685625e-03 1.473119127883324104e-03 5.512326256382812912e-05 5.561360911836226670e-05
3.376896726717583341e+00 3.376896726717593111e-03 1.528136110497198448e-03 6.001397636554550420e-05 5.977451606842159232e-05
3.383657280725025807e+00 3.383657280725094196e-03 1.456581494292327099e-03 5.491601797851950530e-05 5.565579773419365928e-05
3.390431369375126458e+00 3.390431369375113135e-03 1.470780591077154109e-03 5.192372269560480738e-05 5.343688420498571322e-05
3.397219019764265546e+00 3.397219019764197157e-03 1.399409172295437579e-03 5.477881168366515537e-05 5.723906372969256269e-05
3.404020259043072816e+00 3.404020259043072372e-03 1.469939558115765160e-03 5.421726729589768865e-05 5.570583122103496467e-05
3.410835114416532310e+00 3.410835114416421732e-03 1.443582727354922714e-03 5.192776471955632772e-05 5.472992422172697933e-05
3.417663613144092949e+00 3.417663613143995249e-03 1.523790418359632221e-03 5.452459254878940187e-05 5.481002894494949718e-05
3.424505782539776444e+00 3.424505782539721821e-03 1.363443909277571196e-03 5.454765733283365001e-05 5.607264883853016669e-05
3.431361649972288319e+00 3.431361649972375361e-03 1.333649262852508541e-03 5.385505561870065650e-05 5.510538953866877919e-05
3.438231242865126269e+00 3.438231242865130710e-03 1.418845576613478061e-03 5.233665682825588310e-05 5.490497831997703993e-05
3.445114588696688074e+00 3.445114588696673863e-03 1.349173224016826525e-03 5.303996144345263447e-05 5.449311040676055844e-05
3.452011715000384839e+00 3.452011715000313785e-03 1.434194764344077361e-03 5.522340770337229321e-05 5.670405950203802629e-05
3.458922649364749802e+00 3.458922649364648549e-03 1.429794283912842745e-03 5.763265536557401076e-05 5.953066823887563907e-05
3.465847419433548016e+00 3.465847419433565335e-03 1.416350142693174581e-03 5.453829978067969623e-05 6.029547442338591655e-05
3.472786052905887821e+00 3.472786052906018384e-03 1.420419965605538041e-03 5.498251999794896618e-05 5.599380381174695804e-05
3.479738577536330091e+00 3.479738577536473088e-03 1.388547242545532662e-03 5.346131642574198121e-05 5.468350235884277520e-05
3.486705021135001470e+00 3.486705021134905991e-03 1.536351938742728986e-03 6.381463862959578937e-05 8.500333447517825259e-05
3.493685411567704069e+00 3.493685411567692967e-03 1.433550781396028843e-03 5.618315982084448650e-05 5.834136499027150921e-05
3.500679776756027373e+00 3.500679776755832862e-03 1.502717561270040412e-03 5.563209966000997946e-05 5.740852180234434456e-05
3.507688144677461040e+00 3.507688144677389985e-03 1.463493936999898850e-03 5.616129162426772991e-05 5.570737879996188417e-05
3.514710543365503703e+00 3.514710543365495710e-03 1.329633979993107918e-03 5.401421397527605723e-05 5.430971439277006304e-05
3.521747000909778880e+00 3.521747000909680736e-03 1.462688276290892257e-03 5.303761299338124807e-05 5.337790875805066353e-05
3.528797545456144658e+00 3.528797545456097140e-03 1.452450808636812120e-03 5.487375893442237467e-05 5.469167049278052760e-05
3.535862205206807829e+00 3.535862205206852238e-03 1.484797873193061850e-03 6.439208179792294364e-05 6.953908173392297392e-05
3.542941008420434912e+00 3.542941008420452675e-03 1.443953879178399343e-03 5.573116432858414560e-05 5.753797774578357619e-05
3.550033983412267613e+00 3.550033983412248517e-03 1.437727815960309925e-03 5.473452166188282064e-05 5.583608646099537148e-05
3.557141158554234295e+00 3.557141158554211202e-03 1.436293931167840479e-03 5.485770737369398289e-05 5.793930168412816115e-05
3.564262562275063217e+00 3.564262562275155588e-03 1.424394006918709146e-03 5.406603728753890843e-05 5.553844423961932266e-05
3.571398223060398891e+00 3.571398223060295862e-03 1.515324755993214178e-03 5.157937661973149715e-05 5.330947673970091945e-05
3.578548169452911765e+00 3.578548169452799854e-03 1.412782176751193990e-03 5.853664662509917870e-05 6.073122223331471614e-05
3.585712430052417243e+00 3.585712430052456767e-03 1.438391680026813091e-03 5.108989986260043447e-05 5.303260028227443890e-05
3.592891033515985377e+00 3.592891033515899224e-03 1.386510392950717841e-03 5.125928622417498157e-05 5.150417167727519959e-05
3.600084008558059878e+00 3.600084008558157578e-03 1.406162622482497052e-03 5.578400576294886094e-05 5.419886642186896142e-05
3.607291383950568253e+00 3.607291383950661512e-03 1.486293455744530298e-03 5.261976987267558473e-05 5.403511224739260109e-05
3.614513188523042153e+00 3.614513188523016396e-03 1.495140681840614405e-03 5.598224674453983283e-05 5.886285230356793859e-05
3.621749451162727951e+00 3.621749451162781241e-03 1.318620129172340741e-03 5.678906066288645854e-05 5.867878888852685366e-05
3.629000200814705313e+00 3.629000200814580523e-03 1.469912354922739937e-03 5.662971340176117758e-05 5.610502828979562173e-05
3.636265466482002218e+00 3.636265466482102582e-03 1.421781190096060637e-03 5.489955537965322032e-05 5.763485273514762808e-05
3.643545277225709533e+00 3.643545277225657131e-03 1.474093747577717066e-03 5.590731137809163754e-05 5.638679751265876858e-05
3.650839662165100474e+00 3.650839662165061839e-03 1.481146966887182974e-03 5.870911101573319667e-05 5.728027957273031632e-05
3.658148650477743402e+00 3.658148650477865971e-03 1.519317004454540099e-03 5.518749579581606950e-05 5.779566148044893218e-05
3.665472271399620841e+00 3.665472271399572435e-03 1.427760453044466232e-03 5.459782274116045718e-05 5.838478897256982770e-05
3.672810554225245383e+00 3.672810554225192092e-03 1.469425773329490186e-03 5.611304571898791110e-05 5.791512297557211200e-05
3.680163528307778265e+00 3.680163528307689447e-03 1.458755544576494090e-03 5.997253013996715052e-05 6.265808662039081423e-05
3.687531223059145269e+00 3.687531223059092866e-03 1.419478666878909575e-03 5.571589355816184785e-05 5.844817990577786337e-05
3.694913667950154412e+00 3.694913667950050495e-03 1.436381017965341917e-03 5.639347868273372375e-05 5.728795628010467211e-05
3.702310892510615403e+00 3.702310892510718432e-03 1.407812192765850847e-03 5.551164168758051728e-05 5.653133277208571654e-05
3.709722926329455550e+00 3.709722926329650505e-03 1.438777061350679986e-03 5.852093508895785291e-05 5.901870801174488411e-05
3.717149799054840109e+00 3.717149799054686454e-03 1.423751629006823416e-03 8.331175297999073948e-05 8.459176472597190874e-05
3.824526423567885303e+00 3.824526423567897737e-03 1.403988462229000195e-03 1.188045731616688659e-04 1.209119326999892721e-04
3.832183133124578145e+00 3.832183133124722474e-03 1.541318183722767106e-03 5.446438463926219197e-05 5.762284013349661007e-05
3.839855171429132241e+00 3.839855171429151781e-03 1.478532115030461351e-03 6.128515617251442140e-05 6.674267731628459371e-05
3.847542569169730697e+00 3.847542569169526416e-03 1.372650204641906934e-03 5.850345129880307532e-05 5.776043854126331042e-05
3.855245357095996361e+00 3.855245357095915537e-03 1.516686920397790697e-03 6.293223768415678009e-05 6.838267451159009273e-05
3.862963566019111283e+00 3.862963566019006478e-03 1.438119371840114328e-03 6.284029739060029271e-05 6.653688144038904931e-05
3.870697226811941949e+00 3.870697226811881109e-03 1.446983028250952786e-03 5.531614665761507195e-05 5.777264998570320182e-05
3.878446370409163180e+00 3.878446370409127653e-03 1.402196497547686946e-03 6.043034732525340622e-05 6.208075247683060333e-05
3.886211027807379370e+00 3.886211027807284779e-03 1.374506946300585149e-03 5.945162478429526069e-05 6.078299826437964212e-05
3.893991230065251941e+00 3.893991230065063647e-03 1.443918248744501323e-03 6.178373544493341552e-05 6.073686558187109451e-05
3.901787008303620574e+00 3.901787008303569948e-03 1.376164550174716582e-03 5.913221170610165345e-05 6.212018589435952499e-05
3.909598393705629782e+00 3.909598393705637775e-03 1.496322667695253487e-03 5.911908537950574637e-05 6.022222873045218159e-05
3.917425417516851915e+00 3.917425417516939845e-03 1.447912666712380166e-03 5.630241830046509792e-05 5.881779471513024057e-05
3.925268111045414621e+00 3.925268111045321362e-03 1.382171678398994930e-03 5.827526302072217961e-05 5.925015386398009998e-05
3.933126505662121630e+00 3.933126505662132288e-03 1.511790257143960040e-03 6.428924431545185577e-05 6.776426939441141143e-05
3.941000632800584658e+00 3.941000632800673031e-03 1.485764943860045772e-03 6.001888933534407636e-05 6.292018431999640024e-05
3.948890523957342857e+00 3.948890523957304666e-03 1.422728829292965302e-03 6.078758619633505662e-05 6.270380751830447494e-05
3.956796210691992055e+00 3.956796210692115068e-03 1.553957907399111703e-03 5.911305012702812651e-05 6.125289845044783080e-05
3.964717724627311313e+00 3.964717724627364603e-03 1.483328381712552312e-03 6.238141351038360650e-05 6.347818815414011349e-05
3.972655097449388162e+00 3.972655097449262485e-03 1.525473704835531800e-03 6.014885505093560083e-05 6.263498805348947300e-05
3.980608360907745169e+00 3.980608360907744725e-03 1.530476465675239270e-03 7.293241556396333957e-05 7.677764862948051675e-05
3.988577546815468722e+00 3.988577546815585961e-03 1.489826283226627131e-03 6.466527827939614074e-05 6.265520604078588917e-05
3.996562687049333373e+00 3.996562687049287632e-03 1.388779043111292022e-03 6.335950172903524530e-05 6.555699414917775495e-05
4.004563813549932405e+00 4.004563813550188200e-03 1.452818277399813007e-03 6.164386378217795188e-05 6.212810453342957283e-05
4.012580958321804836e+00 4.012580958321798619e-03 1.447849825205247635e-03 5.799967746717201990e-05 5.912592173046257217e-05
4.020614153433560212e+00 4.020614153433577087e-03 1.567101023422918984e-03 6.391626761568962106e-05 6.613124296864960196e-05
4.028663431018012275e+00 4.028663431018042473e-03 1.509149417349008645e-03 6.093235978600158821e-05 6.226884796056842807e-05
4.036728823272301980e+00 4.036728823272106581e-03 1.482525454330444739e-03 5.939527813369295989e-05 6.257260970636125514e-05
4.044810362458031605e+00 4.044810362457962327e-03 1.419295290359591077e-03 6.516021374008198206e-05 6.496986478612687139e-05
4.052908080901390875e+00 4.052908080901307386e-03 1.386104881423065593e-03 6.596133698929790409e-05 6.678926322016156918e-05
4.061022010993285747e+00 4.061022010993120546e-03 1.565355630966052238e-03 6.790958318805054826e-05 6.816078044090338847e-05
4.069152185189468085e+00 4.069152185189661708e-03 1.526715671349780342e-03 6.207820215813850693e-05 6.365472419495432751e-05
4.077298636010668886e+00 4.077298636010695532e-03 1.590365133613270456e-03 6.180385860453205423e-05 6.348446561219549126e-05
4.085461396042722626e+00 4.085461396042600057e-03 1.468179559191039188e-03 6.154733846511986227e-05 6.097325455306721725e-05
4.093640497936701372e+00 4.093640497936590350e-03 1.401571379731225957e-03 6.677476319861440834e-05 7.341968126863724373e-05
4.101835974409047125e+00 4.101835974408718499e-03 1.476817413530149637e-03 6.235996181965505270e-05 6.458830359815986237e-05
4.110047858241697050e+00 4.110047858241649976e-03 1.425669437304236077e-03 6.652552244011072197e-05 6.675535718105053142e-05
4.118276182282221143e+00 4.118276182282443187e-03 1.512106654614885992e-03 6.515755336627940719e-05 6.797975160402604060e-05
4.126520979443947468e+00 4.126520979443881743e-03 1.421769911767073111e-03 6.418126431472408004e-05 6.517300014543076718e-05
4.134782282706098044e+00 4.134782282706250811e-03 1.354185411691203851e-03 6.991136251417289773e-05 7.380019389631498376e-05
4.143060125113917636e+00 4.143060125113784409e-03 1.455139373236291308e-03 8.045903772008009415e-05 8.510488875912833502e-05
4.151354539778809638e+00 4.151354539778662200e-03 1.372537006158303530e-03 6.911475120417356194e-05 7.088676748883512466e-05
4.159665559878467533e+00 4.159665559878344965e-03 1.448335307864975947e-03 6.688395754088142760e-05 6.776944352161848751e-05
4.167993218657002785e+00 4.167993218656906862e-03 1.411326049639134673e-03 6.427342824247315263e-05 6.615824842966466996e-05
4.176337549425084283e+00 4.176337549425035434e-03 1.536241068051048993e-03 6.524653861298658692e-05 6.612309765620701791e-05
4.184698585560068906e+00 4.184698585560031603e-03 1.473901090293026428e-03 6.657522166651693449e-05 6.796243451703281213e-05
4.193076360506134748e+00 4.193076360505809674e-03 1.509744581538332610e-03 7.097746593297462475e-05 7.366906625488828318e-05
4.201470907774415231e+00 4.201470907774229602e-03 1.522413469227505397e-03 6.964289613977184008e-05 7.085355461947020345e-05
4.209882260943132337e+00 4.209882260942876542e-03 1.399396791398316688e-03 6.939390841394102536e-05 7.361536058194591303e-05
4.218310453657732495e+00 4.218310453657725390e-03 1.487057462862207075e-03 6.590901645712423285e-05 7.079923045797946609e-05
4.226755519631021585e+00 4.226755519630920332e-03 1.535891190109411669e-03 6.736465223273395506e-05 6.928685384896786229e-05
4.235217492643295500e+00 4.235217492643439385e-03 1.563157643048259304e-03 6.953977857083013415e-05 7.071693918178372678e-05
4.243696406542481370e+00 4.243696406542429855e-03 1.519624683360738891e-03 6.505540204787573812e-05 6.679794478974741779e-05
4.252192295244269005e+00 4.252192295244316966e-03 1.436024078113432544e-03 6.980869441107931763e-05 7.025102671940333047e-05
4.260705192732245905e+00 4.260705192732583413e-03 1.428346473850785475e-03 7.623786733947070726e-05 7.365669939201062878e-05
4.269235133058035814e+00 4.269235133058213449e-03 1.531015873207593843e-03 7.296437219558641848e-05 7.563268114778796383e-05
4.277782150341435496e+00 4.277782150341469247e-03 1.450394491469079008e-03 7.016945172999748226e-05 7.309309082608414791e-05
4.286346278770547968e+00 4.286346278770558627e-03 1.600252756849994060e-03 7.039233992735410036e-05 7.260665704848234272e-05
4.294927552601921050e+00 4.294927552602079146e-03 1.419759495650418316e-03 8.881333854673843190e-05 9.133705666027690348e-05
4.303526006160683259e+00 4.303526006160574013e-03 1.430385117773342457e-03 7.104384889482146567e-05 7.011491977190092203e-05
4.312141673840685030e+00 4.312141673840752532e-03 1.456484790770632863e-03 7.103804251628195135e-05 7.405479873930376222e-05
4.320774590104630164e+00 4.320774590104381474e-03 1.498099187184616246e-03 7.233646971775074515e-05 7.336815078504255292e-05
4.329424789484217939e+00 4.329424789483837799e-03 1.503078259734780915e-03 7.934109684811969129e-05 8.350069873957798115e-05
4.338092306580282553e+00 4.338092306580332291e-03 1.615758688280497174e-03 7.787830108111719319e-05 7.944276400390807376e-05
4.346777176062925463e+00 4.346777176063021386e-03 1.370425082075825939e-03 6.874971102079057296e-05 7.017325971741166033e-05
4.355479432671660156e+00 4.355479432671671702e-03 1.531711789906656631e-03 7.407660793564400546e-05 7.704984775436688285e-05
4.364199111215547155e+00 4.364199111215327775e-03 1.376300684186322404e-03 7.263524355140199898e-05 7.397004164568109674e-05
4.372936246573336128e+00 4.372936246573644326e-03 1.626422561423809766e-03 8.331476733793819422e-05 8.569013729675930354e-05
4.381690873693603550e+00 4.381690873693777633e-03 1.517193154221583651e-03 7.528487846634277923e-05 7.792826292848083008e-05
4.390463027594892154e+00 4.390463027594826428e-03 1.524713640815689598e-03 7.757923477608748405e-05 7.903004750201193416e-05
4.399252743365853036e+00 4.399252743366055540e-03 1.399852609727575761e-03 7.937650266945745707e-05 7.876813030843270679e-05
4.408060056165384211e+00 4.408060056165119533e-03 1.533377449341406795e-03 8.087485230610848719e-05 8.405847778581133575e-05
4.416885001222771834e+00 4.416885001222947693e-03 1.611015128716492906e-03 9.046301195971222350e-05 9.209070586305964689e-05
4.425727613837832308e+00 4.425727613837526775e-03 1.606644761061295102e-03 7.719955421892866153e-05 8.062987697248371699e-05
4.434587929381050841e+00 4.434587929381006433e-03 1.536268657272314188e-03 7.603158749940233500e-05 7.814126184821086184e-05
4.443465983293726218e+00 4.443465983293926058e-03 1.495588925608674728e-03 8.116945600615378480e-05 8.041546492054705631e-05
4.452361811088108468e+00 4.452361811088323407e-03 1.359597180199854753e-03 7.915604545850684444e-05 8.053309059687358657e-05
4.461275448347544526e+00 4.461275448347734596e-03 1.414620182796789537e-03 8.387557093985674515e-05 8.542742365253522014e-05
4.470206930726618566e+00 4.470206930726750016e-03 1.482445306571167961e-03 8.162885419863444509e-05 8.291994339338922915e-05
4.479156293951296774e+00 4.479156293951014334e-03 1.628435489282262401e-03 8.635626825571496182e-05 8.829460911452839331e-05
4.488123573819066792e+00 4.488123573819002843e-03 1.580097512305732700e-03 9.218835528510979595e-05 9.634919207589432875e-05
4.497108806199085151e+00 4.497108806198912845e-03 1.485713600587908016e-03 7.869558343294653143e-05 8.019067426503784929e-05
4.506112027032315837e+00 4.506112027032216361e-03 1.418433679686906344e-03 8.330443717920134241e-05 8.236659312338210487e-05
4.515133272331679493e+00 4.515133272331883774e-03 1.516785314883951690e-03 8.006643431290320272e-05 8.119144422215460091e-05
4.524172578182193760e+00 4.524172578182383830e-03 1.456034201618195811e-03 8.452533048214746136e-05 8.486137871655654110e-05
4.533229980741117160e+00 4.533229980741015908e-03 1.432109089169058191e-03 8.431238556240050355e-05 8.525763950833125998e-05
4.542305516238096530e+00 4.542305516238354102e-03 1.499785761681053740e-03 8.617479899314016911e-05 8.825484807562155524e-05
4.551399220975310911e+00 4.551399220975138604e-03 1.460467639898431350e-03 8.025769211984675995e-05 8.301916444608787671e-05
4.560511131327613654e+00 4.560511131327604772e-03 1.422678976320253729e-03 8.895213603612828299e-05 9.167745687290545749e-05
4.569641283742683413e+00 4.569641283742598148e-03 1.404526527558888410e-03 8.842266737464808614e-05 9.100598304136470076e-05
4.578789714741167138e+00 4.578789714741127170e-03 1.461334069747493268e-03 8.704915140960750748e-05 8.896338031545173374e-05
4.587956460916824852e+00 4.587956460917030910e-03 1.535141312915432781e-03 8.602131829594756392e-05 8.513149242996458424e-05
4.597141558936678862e+00 4.597141558936979067e-03 1.390724408208919008e-03 8.579421480595640051e-05 8.730512566144685662e-05
4.606345045541157646e+00 4.606345045541360150e-03 1.614961480907001331e-03 8.423462519099728638e-05 8.604011984054786826e-05
4.615566957544243287e+00 4.615566957544281479e-03 1.485878145416203106e-03 8.645695538245386745e-05 8.866183422543845428e-05
4.624807331833620694e+00 4.624807331833569179e-03 1.493584402663157432e-03 8.922489347609039345e-05 8.949923540677806003e-05
4.634066205370825031e+00 4.634066205370768188e-03 1.480680306772950636e-03 8.520254019783792009e-05 8.683227871385498548e-05
4.643343615191387386e+00 4.643343615191586338e-03 1.502622859062919657e-03 8.900318825623636622e-05 9.113377895260113472e-05
4.652639598404984866e+00 4.652639598405006183e-03 1.535625362207509960e-03 9.560538438343433318e-05 9.818926615125238191e-05
4.661954192195585378e+00 4.661954192195505442e-03 1.337133909149931885e-03 8.489663559918715499e-05 8.637820071475997639e-05
4.671287433821602164e+00 4.671287433821280644e-03 1.390854325986838613e-03 8.709470630797922928e-05 9.129901236885380614e-05
4.680639360616039468e+00 4.680639360616467570e-03 1.401272874890141518e-03 9.036163031523162007e-05 9.252782399964471134e-05
4.690010009986642636e+00 4.690010009986700368e-03 1.483706106860995530e-03 8.760962644025708373e-05 8.844867594828831336e-05
4.699399419416044665e+00 4.699399419415772883e-03 1.448328377051674417e-03 8.961497780584401062e-05 9.286683261748434617e-05
4.708807626461922524e+00 4.708807626461641860e-03 1.361233231134548020e-03 9.017711054368833957e-05 9.038616153828253163e-05
4.718234668757141037e+00 4.718234668757315120e-03 1.470539262113490942e-03 9.647525594764388458e-05 9.785453449888016218e-05
4.727680584009908316e+00 4.727680584009963383e-03 1.447675605313521359e-03 8.877610183841883366e-05 8.812613938805069231e-05
4.737145410003922308e+00 4.737145410004028889e-03 1.524140713165353595e-03 9.241670315771445890e-05 9.185772687028870189e-05
4.746629184598525342e+00 4.746629184598560869e-03 1.430594055500525276e-03 9.466441358267867060e-05 9.885868696442301744e-05
4.756131945728852450e+00 4.756131945728547805e-03 1.384192200141979830e-03 9.313336453208582283e-05 9.570102575918108107e-05
4.765653731405986804e+00 4.765653731405805615e-03 1.318883674820763800e-03 9.005274395137585644e-05 9.014330322629760775e-05
4.775194579717109811e+00 4.775194579717201293e-03 1.464547704725408742e-03 8.859468104409764860e-05 9.233800286560659223e-05
4.784754528825652997e+00 4.784754528825541087e-03 1.618470486457268889e-03 9.983573284233894594e-05 1.000479370884304659e-04
4.794333616971449885e+00 4.794333616971346856e-03 1.440000516819467955e-03 9.601643444524552242e-05 9.480724453426500446e-05
4.803931882470891424e+00 4.803931882470635628e-03 1.377502996799889225e-03 9.172556314515620582e-05 9.084450027965540247e-05
4.813549363717078755e+00 4.813549363716695950e-03 1.423523196211201472e-03 9.330775052252086041e-05 9.659231042706668770e-05
4.823186099179975983e+00 4.823186099180087894e-03 1.449250513717903954e-03 9.857938478890670346e-05 1.030681820825623895e-04
4.832842127406562938e+00 4.832842127406866695e-03 1.480029839835492276e-03 9.696003434989430077e-05 9.738179913465682617e-05
4.842517487020989719e+00 4.842517487020803202e-03 1.490931252206893418e-03 9.530686092723759354e-05 9.657290339236068396e-05
4.852212216724735683e+00 4.852212216724716143e-03 1.521024202603801518e-03 9.565041198562591971e-05 9.726957970530256689e-05
4.861926355296756874e+00 4.861926355296475322e-03 1.545592575407825483e-03 9.824493067237182679e-05 1.028281776817314687e-04
4.871659941593646792e+00 4.871659941593886600e-03 1.686079405939044581e-03 1.017840183533660816e-04 1.051794210763654298e-04
4.881413014549790930e+00 4.881413014549806917e-03 1.502497659071034934e-03 9.513835662236942150e-05 9.788302449972547477e-05
4.891185613177517766e+00 4.891185613177473357e-03 1.640147919402963703e-03 1.004861201472721495e-04 1.059602591383938033e-04
4.900977776567263078e+00 4.900977776567394528e-03 1.396401387156140069e-03 9.783099852603060814e-05 1.008392979898964045e-04
4.910789543887718267e+00 4.910789543887794650e-03 1.479287975812834752e-03 9.709895904692849948e-05 9.657716329414888054e-05
4.920620954385992007e+00 4.920620954386389911e-03 1.368651412005851987e-03 9.879197666783549696e-05 1.026742734758560286e-04
4.930472047387766565e+00 4.930472047387723933e-03 1.430793172369514577e-03 9.849691203286199334e-05 9.995829187948426699e-05
4.940342862297452342e+00 4.940342862297608661e-03 1.678372250566091120e-03 1.070139725393878761e-04 1.106945774888419917e-04
4.950233438598347746e+00 4.950233438598239388e-03 1.437273833846223819e-03 9.803735580048913848e-05 1.033384745429543759e-04
4.960143815852799065e+00 4.960143815853079730e-03 1.563546503594262721e-03 1.042910639514457234e-04 1.049017417486379521e-04
4.970074033702355010e+00 4.970074033702420735e-03 1.329412273281069083e-03 1.027779633626566512e-04 1.032796845159198156e-04
4.980024131867924808e+00 4.980024131867821779e-03 1.502203406456094174e-03 1.140681198450690150e-04 1.207605721639202221e-04
4.989994150149942520e+00 4.989994150149890118e-03 1.445835771373169681e-03 1.049713743126016069e-04 1.061078858465759763e-04
4.999984128428520691e+00 4.999984128428724972e-03 1.402061286818318897e-03 1.086974958833301593e-04 1.115344502578127707e-04
5.009994106663613778e+00 5.009994106663473445e-03 1.386408510816293125e-03 1.027084349171106736e-04 1.045147275740339484e-04
5.020024124895171802e+00 5.020024124894995055e-03 1.545233414777056257e-03 1.087922673200053899e-04 1.105424564255578980e-04
5.030074223243310882e+00 5.030074223243641285e-03 1.328024966884572321e-03 1.072618110788407293e-04 1.094158470784430560e-04
5.040144441908462447e+00 5.040144441908367412e-03 1.776516797272390371e-03 1.110079004802204486e-04 1.145155899006688099e-04
5.050234821171542876e+00 5.050234821171617483e-03 1.594204009620319839e-03 1.054378651425767733e-04 1.094213162015549246e-04
5.060345401394108933e+00 5.060345401394439335e-03 1.423340582547130044e-03 1.068025851409789629e-04 1.093408340647961991e-04
5.070476223018521189e+00 5.070476223018260953e-03 1.445943432477196514e-03 1.064268130953957282e-04 1.077797956241552895e-04
5.080627326568107449e+00 5.080627326567999091e-03 1.555802741427288064e-03 1.083416749033825954e-04 1.122665514257066495e-04
5.090798752647322623e+00 5.090798752647174297e-03 1.511959457841850155e-03 1.166222645059273021e-04 1.177300234131653810e-04
5.100990541941911260e+00 5.100990541941907708e-03 1.477410479858823648e-03 1.045736772208471393e-04 1.086014310556340708e-04
5.111202735219072757e+00 5.111202735219144699e-03 1.499094617475566198e-03 1.010361611164892497e-04 1.020923403616245294e-04
5.121435373327619445e+00 5.121435373327543061e-03 1.546882091730994186e-03 1.082137487977209337e-04 1.123742985866449162e-04
5.131688497198145349e+00 5.131688497198361176e-03 1.332926308520209066e-03 1.102491066228385500e-04 1.116005270547460403e-04
5.141962147843186060e+00 5.141962147842793485e-03 1.491344227909153055e-03 1.131561237168617865e-04 1.172055197017589227e-04
5.152256366357386597e+00 5.152256366357299555e-03 1.412881143026343536e-03 1.236250130484571814e-04 1.244490264974530496e-04
5.162571193917662171e+00 5.162571193917830925e-03 1.416315061401736798e-03 1.274451617243905902e-04 1.280143966625354437e-04
5.172906671783362498e+00 5.172906671783383814e-03 1.451398702088808976e-03 2.019760580870426684e-04 2.105098001595198057e-04
