5.062539044346615 0.08112082436098422 0.015132999999999999 0.00010926439999999999
5.215496188010285 0.0718363193026863 0.0149542111 0.0001003374
5.388882073383067 0.10154956607009602 0.0151674829 8.61383e-05
5.581857333307044 0.09142569385388022 0.0150094436 9.30546e-05
5.759508648278272 0.08622562111734888 0.0150933952 9.893139999999999e-05
5.949887155158647 0.10415288576302517 0.0150622924 8.82056e-05
6.152994372950494 0.0989543320288222 0.015139551999999999 9.42312e-05
6.343555358949811 0.09160665397049428 0.0149605079 9.53654e-05
6.542433704437843 0.10727169151753824 0.0149805897 9.73332e-05
6.753016702920737 0.10331130696535595 0.014965916 0.00010779
6.973088861039027 0.11676085115293411 0.015113357099999999 0.00010407279999999999
7.201750440345706 0.11190072815374474 0.0153040238 0.000109102
7.437014359918621 0.12336319141917018 0.015458161599999999 0.0001095143
7.678446729348117 0.11806917801032624 0.015452733899999998 0.00011816249999999999
7.92600202650673 0.1294861191482859 0.01507502 0.0001206369
8.194151306302267 0.13866316064725126 0.015192928299999998 0.0001268208
8.465107617550128 0.13229315060060998 0.0153364743 0.0001334266
8.737450173715585 0.1400494055648469 0.0153487972 0.00013702799999999998
9.023922780204767 0.14642320092433714 0.0152536377 0.0001452278
9.320824220090476 0.15047823896136858 0.0151226834 0.0001587646
9.62585155536421 0.15454909631236635 0.0153460498 0.0001694488
9.93882614235617 0.15842549067959322 0.015003210099999999 0.0001899598
10.268150296460233 0.17089866342446758 0.0150746064 0.0002265239
10.611611934936215 0.17256297505151696 0.0147433695 0.0003054276
10.95759782653236 0.17342291654462638 0.0149372554 0.0004133154
11.315625523338602 0.1846047802616182 0.015042367899999999 0.0005518124
11.685661281647048 0.18543097804682862 0.0158633309 0.0007489778
12.064883773802716 0.19379151410883821 0.014123537 0.0011468024
12.45857700429442 0.19990171638286647 0.014793156399999998 0.0017690193999999998
12.861815279469704 0.20333655879241608 0.012397975799999999 0.0024515280999999997
