0.6925454139709473 0.015801310539245605 0.01568622600717299 0.0003621780548361568
0.7224600911140442 0.014113366603851318 0.015527271827626922 0.00019391685556634705
0.752198338508606 0.01562488079071045 0.015375106536383031 0.0001527023708690123
0.7851698398590088 0.017346620559692383 0.015362228095188637 0.0001500782262587197
0.8167900443077087 0.014273583889007568 0.015198276296999142 0.00013035451206389045
0.8465229272842407 0.015459299087524414 0.01562721283126295 0.00012761455524277202
0.8787252902984619 0.016743063926696777 0.015325559565525596 0.0001129214223911884
0.9135833382606506 0.018114984035491943 0.015203844797612503 9.714095072376482e-05
0.9512541592121124 0.019555836915969904 0.015486999244916916 8.627386167488432e-05
0.9918531477451324 0.021043151617050115 0.01535400349969408 7.735426912486385e-05
1.0354331731796265 0.022536873817443848 0.015342666470406222 7.163689051769248e-05
1.2377328872680664 0.027719616889953613 0.015302366080906382 0.0001053828320883409
1.2940533757209778 0.028600871562957764 0.015339143088091312 0.00011307347204335513
1.7105879187583923 0.029664933681488037 0.012642442437497129 0.00010075527627065596
1.7792802453041077 0.039027392864227295 0.015292592973377584 5.615510319747188e-05
1.8566349744796755 0.038327336311340554 0.01510570709586683 6.153165465958405e-05
1.9325284957885744 0.03756618499755837 0.015285676031546413 6.420906440716693e-05
2.006854772567749 0.03676009178161599 0.015163335235755512 6.892085994562222e-05
2.088416695594788 0.044801831245422585 0.015169665475578856 5.9553317171275196e-05
2.176770567893982 0.04355204105377197 0.015244332090311619 6.052983160033135e-05
2.26269006729126 0.04236745834350586 0.015345931549444261 6.0191695764262603e-05
2.3543734550476074 0.0493159294128418 0.015247188721226695 6.056925021229962e-05
2.4514094591140747 0.04772007465362549 0.015221734495340955 6.639457186915666e-05
2.545333504676819 0.04620397090911843 0.01516597512227007 7.476500024563386e-05
2.643695831298828 0.05215835571289085 0.01523613101349681 7.002375198425385e-05
2.746320128440857 0.050465941429138184 0.015377588638397836 7.766074435754656e-05
2.852505564689636 0.05571949481964111 0.015305567370547939 7.763853699013913e-05
2.968589305877685 0.0603642463684082 0.01516328052776125 7.342195120758518e-05
3.0870978832244877 0.058144330978393555 0.015235112829860661 8.045344669777816e-05
3.207496762275696 0.06225454807281494 0.015299989787827706 7.895595559088799e-05
3.335647463798523 0.06589615345001221 0.015427047705028054 7.654572484822458e-05
3.4706897735595703 0.06914615631103493 0.01526503551605464 7.715942145205951e-05
3.6117935180664062 0.071957588195801 0.015305895941712224 7.92033347118226e-05
3.758134365081787 0.07438325881958008 0.015133837476812014 7.463512425587632e-05
3.9090267419815055 0.07650911808013916 0.015278112309755823 8.138844982861979e-05
4.063906788825989 0.07837092876434326 0.015317211675950125 8.724680510470076e-05
4.222302436828613 0.0800247192382817 0.0151152928031313 9.138219543263003e-05
4.388223648071289 0.08589649200439409 0.015111074030549424 0.00011203868277148245
4.5608906745910645 0.08677053451538086 0.014973449282056656 0.0001097860022514985
4.739219427108765 0.09155821800231934 0.015142647077329789 0.00011670460328277892
4.926535606384277 0.09575796127319336 0.014733172867714871 0.00011584024232861006
5.121685028076172 0.09939146041870117 0.014947755645876144 0.00013300680677942944
